#              X                D                V                M
    0.0001000000     1.7500005062     0.0332499964     0.0000000000
    0.0001059770     1.7501208047     0.0297806164     0.0000000000
    0.0001119541     1.7502153398     0.0268068633     0.0000000000
    0.0001179311     1.7502881358     0.0242508867     0.0000000000
    0.0001280900     1.7503828001     0.0205647497     0.0000000000
    0.0001382488     1.7504488733     0.0176201957     0.0000000000
    0.0001484077     1.7504957453     0.0152571667     0.0000000000
    0.0001585666     1.7505297312     0.0133384434     0.0000000000
    0.0001800367     1.7505706739     0.0103496634     0.0000000000
    0.0002015068     1.7505911064     0.0082624921     0.0000000001
    0.0002229769     1.7506029365     0.0067173055     0.0000000001
    0.0002444469     1.7506105862     0.0055412697     0.0000000001
    0.0002659170     1.7506145938     0.0046277411     0.0000000001
    0.0003065641     1.7506179557     0.0034140502     0.0000000002
    0.0003472111     1.7506187282     0.0025924736     0.0000000003
    0.0003878582     1.7506187488     0.0019936892     0.0000000004
    0.0004285052     1.7506186452     0.0015440854     0.0000000006
    0.0004691523     1.7506181611     0.0011975056     0.0000000008
    0.0005650697     1.7506167600     0.0006481446     0.0000000013
    0.0006609870     1.7506142754     0.0002631282     0.0000000021
    0.0007569044     1.7506111681    -0.0000469736     0.0000000032
    0.0008528217     1.7506085205    -0.0002784702     0.0000000045
    0.0009487391     1.7506070312    -0.0004272901     0.0000000063
    0.0014587040     1.7505896298    -0.0010806994     0.0000000231
    0.0019686689     1.7505778771    -0.0013793359     0.0000000571
    0.0024786339     1.7505676174    -0.0016443643     0.0000001138
    0.0029885988     1.7505561813    -0.0019521436     0.0000001988
    0.0044026868     1.7505004116    -0.0028980575     0.0000007445
    0.0058167748     1.7504245111    -0.0038518337     0.0000017178
    0.0072308628     1.7503306301    -0.0048023137     0.0000032421
    0.0091795703     1.7501672664    -0.0061074988     0.0000066177
    0.0111282778     1.7499707433    -0.0074101537     0.0000116230
    0.0130769853     1.7497421064    -0.0087114633     0.0000185877
    0.0166950824     1.7492517414    -0.0111260392     0.0000371129
    0.0203131795     1.7486510630    -0.0135391858     0.0000649217
    0.0239312766     1.7479404207    -0.0159516702     0.0001042822
    0.0275493738     1.7471244792    -0.0183638700     0.0001573549
    0.0328693188     1.7457723399    -0.0219104797     0.0002652921
    0.0381892638     1.7442145966    -0.0254567928     0.0004139663
    0.0435092088     1.7424392663    -0.0290028076     0.0006098175
    0.0488291538     1.7404423464    -0.0325485294     0.0008593266
    0.0556895528     1.7375383140    -0.0371205126     0.0012716808
    0.0625499519     1.7342654865    -0.0416919646     0.0017976613
    0.0694103509     1.7306267022    -0.0462628413     0.0024506975
    0.0762707499     1.7266251548    -0.0508330970     0.0032441643
    0.1171771023     1.6954948542    -0.0780679549     0.0115791790
    0.1580834546     1.6525967962    -0.1052665197     0.0279473787
    0.1989898070     1.5990994586    -0.1324159346     0.0546298542
    0.2398961593     1.5364258283    -0.1595027433     0.0934623989
    0.2808025117     1.4661773249    -0.1865133832     0.1457793926
    0.3305721373     1.3729400804    -0.2192537403     0.2287768555
    0.3803417629     1.2740696181    -0.2518352993     0.3333823661
    0.4301113885     1.1724884871    -0.2842313195     0.4589893577
    0.4798810140     1.0707510633    -0.3164141882     0.6041312919
    0.5296506396     0.9710737180    -0.3483546174     0.7666657195
    0.5794202652     0.8752028794    -0.3800229069     0.9439957382
    0.6351963388     0.7738772120    -0.4151510460     1.1567754458
    0.6909724124     0.6802035063    -0.4498512142     1.3803803585
    0.7467484861     0.5948517500    -0.4840736329     1.6107678673
    0.8025245597     0.5180801092    -0.5177658644     1.8442118153
    0.8583006333     0.4496541771    -0.5508755141     2.0774611035
    0.9140767069     0.3895178544    -0.5833456784     2.3076777446
    0.9790177813     0.3287533765    -0.6202803716     2.5692131118
    1.0439588557     0.2768776830    -0.6561923271     2.8211127884
    1.1088999300     0.2328799194    -0.6909854530     3.0612938627
    1.1738410044     0.1958144069    -0.7245627687     3.2884033739
    1.2387820788     0.1647544640    -0.7568312919     3.5017676495
    1.3380751630     0.1269189058    -0.8034577816     3.8011454025
    1.4373682472     0.0982724012    -0.8465854841     4.0692781377
    1.5366613314     0.0764274409    -0.8860120049     4.3084124888
    1.6359544157     0.0598251293    -0.9215714532     4.5208671580
    1.7352474999     0.0473680153    -0.9531770912     4.7094584895
    1.8345405841     0.0379615816    -0.9809123600     4.8776715590
    1.9619226617     0.0289095730    -1.0112227145     5.0684266063
    2.0893047394     0.0222577217    -1.0359224021     5.2351367940
    2.2166868171     0.0173464662    -1.0548346735     5.3811725936
    2.2566807719     0.0161045228    -1.0594132341     5.4232058708
    2.2966747268     0.0149679287    -1.0630612281     5.4636356138
    2.3086729133     0.0146418771    -1.0638972847     5.4754711756
    2.3206710998     0.0143204221    -1.0645214082     5.4871693426
    2.3326692862     0.0140007506    -1.0648069656     5.4987269554
    2.3446674727     0.0136767973    -1.0644859104     5.5101387244
    2.3500000000     0.0135270271    -1.0639498901     5.5151610501
    2.4000000000     0.0117785891    -1.0526349707     5.5867450058
    2.4079148565     0.0116802101    -1.0562674200     5.5934898368
    2.4639148565     0.0108775377    -1.0734261639     5.6405576208
    2.5199148565     0.0100116272    -1.0815495889     5.6861671446
    2.5759148565     0.0091968366    -1.0864306351     5.7300280704
    2.6319148565     0.0084616588    -1.0902608745     5.7721435637
    2.6879148565     0.0077985444    -1.0932933486     5.8126152395
    2.7439148565     0.0071982982    -1.0956932088     5.8515633836
    2.7999148565     0.0066506740    -1.0975625418     5.8891513974
    2.8532765710     0.0061695959    -1.0988914956     5.9238817446
    2.9066382855     0.0057331989    -1.0998306708     5.9573484333
    2.9600000000     0.0053359132    -1.1004110598     5.9896522709
    2.9600000000     0.0053277874    -1.0995890849     5.9903473318
    3.0134229883     0.0049876904    -1.0996288087     6.0208988197
    3.0668459766     0.0046752084    -1.0993732234     6.0505807148
    3.1202689648     0.0043882527    -1.0988530253     6.0794200687
    3.2915637432     0.0035948341    -1.0957003229     6.1670314038
    3.4628585217     0.0029769897    -1.0906543418     6.2473929200
    3.6341533001     0.0024940641    -1.0843041183     6.3213549752
    3.8054480785     0.0021120774    -1.0768893824     6.3897982739
    4.0606933072     0.0016816910    -1.0645052034     6.4831907230
    4.3159385359     0.0013641519    -1.0511528545     6.5682275097
    4.5711837646     0.0011227346    -1.0372639880     6.6464541360
    4.8264289934     0.0009356399    -1.0231297738     6.7189304806
    5.0816742221     0.0007884240    -1.0090670374     6.7864719704
    5.5784063865     0.0005841673    -0.9823350155     6.9063393037
    6.0751385510     0.0004462048    -0.9569500573     7.0141630544
    6.5718707155     0.0003483168    -0.9328675109     7.1122858500
    7.0686028800     0.0002767772    -0.9102106159     7.2022995438
    7.5653350445     0.0002235350    -0.8890221669     7.2853934753
    8.4506867405     0.0001600728    -0.8544404919     7.4197266878
    9.3360384364     0.0001193736    -0.8235403482     7.5406475085
   10.2213901324     0.0000912713    -0.7957509328     7.6510916216
   11.1067418284     0.0000710383    -0.7707006071     7.7527345703
   11.9920935244     0.0000562432    -0.7480313572     7.8465946558
   12.4403050334     0.0000503150    -0.7373340518     7.8913713682
   12.8885165423     0.0000452656    -0.7271028705     7.9344880773
   13.3367280513     0.0000409095    -0.7173099203     7.9761408469
   13.7849395602     0.0000371109    -0.7079266420     8.0164704630
   14.2331510692     0.0000337757    -0.6989270832     8.0555785145
   15.8070709194     0.0000249576    -0.6700457697     8.1845650994
   17.3809907696     0.0000190427    -0.6447184758     8.3027405239
   18.9549106198     0.0000148671    -0.6222411442     8.4119894321
   20.5288304700     0.0000118000    -0.6021379989     8.5137423057
   22.1027503202     0.0000095017    -0.5840320954     8.6088338326
   23.0137295353     0.0000084359    -0.5743342746     8.6610290741
   23.9247087504     0.0000075326    -0.5651483749     8.7112939030
   24.8356879655     0.0000067595    -0.5564305398     8.7598242092
   25.7466671807     0.0000060914    -0.5481412681     8.8067771190
   26.6576463958     0.0000055099    -0.5402460996     8.8522750759
   27.7755598592     0.0000048939    -0.5310513696     8.9062707221
   28.8934733227     0.0000043669    -0.5223540203     8.9583758690
   30.0113867861     0.0000039138    -0.5141105852     9.0087216943
   31.1293002496     0.0000035221    -0.5062826674     9.0574339913
   32.2472137130     0.0000031818    -0.4988360719     9.1046271418
   34.1117579296     0.0000027071    -0.4871845666     9.1802409379
   35.9763021463     0.0000023237    -0.4763889644     9.2523063866
   37.8408463629     0.0000020105    -0.4663482630     9.3211713929
   39.7053905796     0.0000017521    -0.4569775614     9.3871590187
   41.5699347962     0.0000015369    -0.4482044447     9.4505422601
   43.8671745252     0.0000013178    -0.4381249954     9.5254015173
   46.1644142542     0.0000011386    -0.4287598816     9.5969595900
   48.4616539832     0.0000009908    -0.4200284127     9.6654937322
   50.7588937122     0.0000008679    -0.4118616639     9.7312823176
   53.0561334412     0.0000007649    -0.4042003510     9.7945682923
   56.3212228075     0.0000006451    -0.3940824582     9.8806313058
   59.5863121739     0.0000005493    -0.3847600885     9.9625101154
   62.8514015402     0.0000004718    -0.3761335098    10.0406124722
   66.1164909065     0.0000004085    -0.3681193078    10.1153370259
   69.3815802728     0.0000003562    -0.3606470836    10.1870165919
   73.6400297956     0.0000003006    -0.3516173755    10.2764004923
   77.8984793184     0.0000002561    -0.3432977293    10.3614974236
   82.1569288411     0.0000002201    -0.3355995175    10.4426999674
   86.4153783639     0.0000001906    -0.3284482587    10.5204092856
   90.6738278867     0.0000001663    -0.3217810269    10.5949639596
   96.6831521351     0.0000001386    -0.3130941766    10.6953725912
  102.6924763835     0.0000001168    -0.3051416799    10.7906203454
  108.7018006320     0.0000000994    -0.2978251120    10.8812287081
  114.7111248804     0.0000000853    -0.2910629604    10.9677277619
  120.7204491288     0.0000000738    -0.2847873211    11.0505489082
  128.8567578071     0.0000000614    -0.2769648636    11.1574737579
  136.9930664853     0.0000000516    -0.2698143540    11.2588622186
  145.1293751636     0.0000000438    -0.2632446590    11.3552586163
  153.2656838419     0.0000000375    -0.2571802740    11.4472380471
  161.4019925201     0.0000000324    -0.2515584429    11.5352672254
  172.9743230165     0.0000000267    -0.2442230177    11.6544465910
  184.5466535128     0.0000000222    -0.2375546024    11.7671029510
  196.1189840091     0.0000000187    -0.2314576252    11.8739277851
  207.6913145054     0.0000000159    -0.2258538058    11.9756565652
  219.2636450018     0.0000000136    -0.2206788457    12.0728647732
  235.3917704596     0.0000000112    -0.2140822456    12.2017042220
  251.5198959174     0.0000000093    -0.2080993575    12.3233739111
  267.6480213752     0.0000000078    -0.2026405640    12.4386262675
  283.7761468330     0.0000000066    -0.1976325956    12.5482928820
  299.9042722908     0.0000000056    -0.1930155226    12.6530153958
  323.1947495030     0.0000000046    -0.1869390220    12.7966009573
  346.4852267151     0.0000000038    -0.1814562006    12.9318011526
  369.7757039273     0.0000000031    -0.1764762415    13.0595545698
  393.0661811395     0.0000000026    -0.1719256236    13.1809141478
  416.3566583516     0.0000000022    -0.1677448689    13.2966594747
  446.2678583516     0.0000000018    -0.1628391839    13.4381000117
  476.1790583516     0.0000000015    -0.1583799797    13.5719297610
  506.0902583516     0.0000000013    -0.1543037953    13.6988604443
  536.0014583516     0.0000000011    -0.1505582239    13.8197330927
  565.9126583516     0.0000000009    -0.1471001310    13.9352132282
  595.8238583516     0.0000000008    -0.1438919589    14.0458958795
  625.7350583516     0.0000000007    -0.1409047106    14.1520681228
  655.6462583516     0.0000000006    -0.1381145233    14.2540205118
  685.5574583516     0.0000000005    -0.1355005659    14.3520933482
  715.4686583516     0.0000000005    -0.1330447590    14.4466039872
  745.3798583516     0.0000000004    -0.1307309897    14.5378483218
  775.2910583516     0.0000000004    -0.1285458763    14.6260399832
  805.2022583516     0.0000000003    -0.1264779234    14.7113737213
  835.1134583516     0.0000000003    -0.1245169231    14.7940418023
  865.0246583516     0.0000000003    -0.1226538074    14.8742225674
  894.9358583516     0.0000000003    -0.1208803724    14.9520815698
  924.8470583516     0.0000000002    -0.1191895353    15.0277525745
  954.7582583516     0.0000000002    -0.1175750399    15.1013582512
  984.6694583516     0.0000000002    -0.1160312392    15.1730164216
 1000.0000000000     0.0000000002    -0.1152656465    15.2090264403
