   R [km]      D [g/ccm]   T [mev]     Y        
   1.450E-01   4.217E+14   1.223E+01   2.538E-01
   4.356E-01   4.214E+14   1.219E+01   2.537E-01
   7.280E-01   4.204E+14   1.217E+01   2.537E-01
   1.022E+00   4.191E+14   1.214E+01   2.537E-01
   1.319E+00   4.173E+14   1.212E+01   2.537E-01
   1.618E+00   4.150E+14   1.211E+01   2.538E-01
   1.918E+00   4.122E+14   1.209E+01   2.540E-01
   2.221E+00   4.088E+14   1.207E+01   2.543E-01
   2.526E+00   4.050E+14   1.206E+01   2.546E-01
   2.833E+00   4.006E+14   1.206E+01   2.551E-01
   3.142E+00   3.956E+14   1.203E+01   2.555E-01
   3.454E+00   3.902E+14   1.194E+01   2.560E-01
   3.767E+00   3.843E+14   1.185E+01   2.565E-01
   4.083E+00   3.778E+14   1.176E+01   2.571E-01
   4.401E+00   3.706E+14   1.169E+01   2.578E-01
   4.721E+00   3.629E+14   1.163E+01   2.585E-01
   5.043E+00   3.546E+14   1.158E+01   2.592E-01
   5.368E+00   3.457E+14   1.144E+01   2.595E-01
   5.695E+00   3.361E+14   1.131E+01   2.599E-01
   6.024E+00   3.259E+14   1.125E+01   2.603E-01
   6.356E+00   3.149E+14   1.123E+01   2.603E-01
   6.690E+00   3.032E+14   1.120E+01   2.594E-01
   7.026E+00   2.903E+14   1.137E+01   2.588E-01
   7.365E+00   2.757E+14   1.187E+01   2.575E-01
   7.706E+00   2.588E+14   1.276E+01   2.566E-01
   8.049E+00   2.399E+14   1.396E+01   2.547E-01
   8.395E+00   2.170E+14   1.577E+01   2.560E-01
   8.743E+00   1.906E+14   1.803E+01   2.577E-01
   9.093E+00   1.617E+14   2.054E+01   2.624E-01
   9.446E+00   1.332E+14   2.296E+01   2.704E-01
   9.802E+00   1.094E+14   2.491E+01   2.791E-01
   1.016E+01   9.139E+13   2.633E+01   2.861E-01
   1.052E+01   7.817E+13   2.732E+01   2.907E-01
   1.088E+01   6.837E+13   2.795E+01   2.927E-01
   1.125E+01   6.099E+13   2.833E+01   2.923E-01
   1.162E+01   5.531E+13   2.849E+01   2.892E-01
   1.199E+01   5.078E+13   2.851E+01   2.843E-01
   1.236E+01   4.713E+13   2.839E+01   2.777E-01
   1.274E+01   4.408E+13   2.818E+01   2.698E-01
   1.312E+01   4.146E+13   2.789E+01   2.613E-01
   1.350E+01   3.915E+13   2.753E+01   2.524E-01
   1.388E+01   3.706E+13   2.714E+01   2.437E-01
   1.427E+01   3.513E+13   2.671E+01   2.352E-01
   1.466E+01   3.332E+13   2.627E+01   2.272E-01
   1.505E+01   3.161E+13   2.581E+01   2.196E-01
   1.544E+01   2.998E+13   2.533E+01   2.128E-01
   1.584E+01   2.843E+13   2.486E+01   2.065E-01
   1.624E+01   2.694E+13   2.439E+01   2.007E-01
   1.664E+01   2.551E+13   2.390E+01   1.956E-01
   1.705E+01   2.415E+13   2.343E+01   1.909E-01
   1.746E+01   2.285E+13   2.297E+01   1.866E-01
   1.787E+01   2.161E+13   2.250E+01   1.830E-01
   1.829E+01   2.044E+13   2.203E+01   1.794E-01
   1.870E+01   1.933E+13   2.159E+01   1.762E-01
   1.912E+01   1.827E+13   2.113E+01   1.733E-01
   1.955E+01   1.728E+13   2.068E+01   1.704E-01
   1.997E+01   1.634E+13   2.024E+01   1.679E-01
   2.040E+01   1.545E+13   1.979E+01   1.655E-01
   2.083E+01   1.461E+13   1.936E+01   1.630E-01
   2.127E+01   1.382E+13   1.893E+01   1.609E-01
   2.171E+01   1.307E+13   1.850E+01   1.586E-01
   2.215E+01   1.237E+13   1.808E+01   1.565E-01
   2.259E+01   1.170E+13   1.766E+01   1.545E-01
   2.304E+01   1.107E+13   1.725E+01   1.523E-01
   2.349E+01   1.047E+13   1.685E+01   1.505E-01
   2.394E+01   9.910E+12   1.645E+01   1.485E-01
   2.439E+01   9.372E+12   1.605E+01   1.468E-01
   2.485E+01   8.861E+12   1.567E+01   1.450E-01
   2.530E+01   8.377E+12   1.530E+01   1.432E-01
   2.577E+01   7.912E+12   1.493E+01   1.416E-01
   2.623E+01   7.473E+12   1.457E+01   1.400E-01
   2.670E+01   7.050E+12   1.423E+01   1.386E-01
   2.716E+01   6.650E+12   1.389E+01   1.373E-01
   2.764E+01   6.268E+12   1.356E+01   1.360E-01
   2.811E+01   5.903E+12   1.325E+01   1.350E-01
   2.859E+01   5.556E+12   1.294E+01   1.339E-01
   2.907E+01   5.224E+12   1.265E+01   1.332E-01
   2.955E+01   4.909E+12   1.237E+01   1.324E-01
   3.004E+01   4.609E+12   1.210E+01   1.317E-01
   3.053E+01   4.323E+12   1.183E+01   1.314E-01
   3.102E+01   4.055E+12   1.158E+01   1.309E-01
   3.152E+01   3.799E+12   1.134E+01   1.307E-01
   3.202E+01   3.559E+12   1.111E+01   1.306E-01
   3.252E+01   3.333E+12   1.088E+01   1.305E-01
   3.302E+01   3.119E+12   1.067E+01   1.306E-01
   3.353E+01   2.919E+12   1.046E+01   1.308E-01
   3.404E+01   2.731E+12   1.025E+01   1.309E-01
   3.456E+01   2.554E+12   1.007E+01   1.313E-01
   3.508E+01   2.389E+12   9.867E+00   1.316E-01
   3.560E+01   2.236E+12   9.686E+00   1.318E-01
   3.613E+01   2.091E+12   9.505E+00   1.323E-01
   3.666E+01   1.956E+12   9.333E+00   1.327E-01
   3.719E+01   1.831E+12   9.160E+00   1.330E-01
   3.773E+01   1.713E+12   8.988E+00   1.335E-01
   3.827E+01   1.603E+12   8.824E+00   1.340E-01
   3.881E+01   1.501E+12   8.669E+00   1.343E-01
   3.936E+01   1.405E+12   8.510E+00   1.347E-01
   3.991E+01   1.315E+12   8.356E+00   1.352E-01
   4.047E+01   1.232E+12   8.205E+00   1.356E-01
   4.103E+01   1.154E+12   8.057E+00   1.360E-01
   4.160E+01   1.081E+12   7.912E+00   1.365E-01
   4.217E+01   1.013E+12   7.770E+00   1.368E-01
   4.274E+01   9.485E+11   7.632E+00   1.372E-01
   4.332E+01   8.885E+11   7.495E+00   1.377E-01
   4.390E+01   8.325E+11   7.362E+00   1.382E-01
   4.449E+01   7.801E+11   7.232E+00   1.385E-01
   4.508E+01   7.306E+11   7.105E+00   1.392E-01
   4.567E+01   6.845E+11   6.981E+00   1.397E-01
   4.627E+01   6.414E+11   6.860E+00   1.401E-01
   4.687E+01   6.006E+11   6.742E+00   1.408E-01
   4.748E+01   5.626E+11   6.627E+00   1.415E-01
   4.809E+01   5.270E+11   6.516E+00   1.421E-01
   4.871E+01   4.936E+11   6.407E+00   1.428E-01
   4.933E+01   4.621E+11   6.301E+00   1.437E-01
   4.996E+01   4.328E+11   6.198E+00   1.445E-01
   5.059E+01   4.052E+11   6.098E+00   1.453E-01
   5.122E+01   3.792E+11   6.002E+00   1.464E-01
   5.186E+01   3.550E+11   5.907E+00   1.473E-01
   5.251E+01   3.323E+11   5.817E+00   1.483E-01
   5.316E+01   3.111E+11   5.728E+00   1.494E-01
   5.381E+01   2.910E+11   5.643E+00   1.507E-01
   5.447E+01   2.723E+11   5.560E+00   1.520E-01
   5.513E+01   2.549E+11   5.480E+00   1.533E-01
   5.580E+01   2.385E+11   5.402E+00   1.547E-01
   5.648E+01   2.231E+11   5.328E+00   1.563E-01
   5.716E+01   2.088E+11   5.255E+00   1.578E-01
   5.784E+01   1.954E+11   5.185E+00   1.593E-01
   5.853E+01   1.829E+11   5.118E+00   1.610E-01
   5.923E+01   1.711E+11   5.052E+00   1.630E-01
   5.993E+01   1.601E+11   4.989E+00   1.648E-01
   6.063E+01   1.498E+11   4.927E+00   1.667E-01
   6.134E+01   1.403E+11   4.868E+00   1.686E-01
   6.206E+01   1.313E+11   4.811E+00   1.707E-01
   6.278E+01   1.229E+11   4.756E+00   1.730E-01
   6.351E+01   1.151E+11   4.702E+00   1.753E-01
   6.424E+01   1.078E+11   4.652E+00   1.775E-01
   6.498E+01   1.010E+11   4.604E+00   1.798E-01
   6.572E+01   9.415E+10   4.554E+00   1.823E-01
   6.647E+01   8.835E+10   4.505E+00   1.848E-01
   6.722E+01   8.284E+10   4.460E+00   1.875E-01
   6.798E+01   7.777E+10   4.416E+00   1.900E-01
   6.875E+01   7.297E+10   4.374E+00   1.927E-01
   6.952E+01   6.851E+10   4.334E+00   1.953E-01
   7.030E+01   6.431E+10   4.296E+00   1.982E-01
   7.108E+01   6.040E+10   4.257E+00   2.012E-01
   7.187E+01   5.675E+10   4.220E+00   2.042E-01
   7.267E+01   5.336E+10   4.183E+00   2.072E-01
   7.347E+01   5.017E+10   4.150E+00   2.102E-01
   7.427E+01   4.721E+10   4.116E+00   2.133E-01
   7.509E+01   4.441E+10   4.085E+00   2.164E-01
   7.591E+01   4.180E+10   4.054E+00   2.198E-01
   7.673E+01   3.936E+10   4.023E+00   2.232E-01
   7.756E+01   3.709E+10   3.993E+00   2.265E-01
   7.840E+01   3.497E+10   3.964E+00   2.298E-01
   7.925E+01   3.298E+10   3.936E+00   2.333E-01
   8.010E+01   3.114E+10   3.909E+00   2.366E-01
   8.095E+01   2.939E+10   3.883E+00   2.400E-01
   8.182E+01   2.776E+10   3.859E+00   2.435E-01
   8.269E+01   2.623E+10   3.834E+00   2.470E-01
   8.356E+01   2.481E+10   3.808E+00   2.505E-01
   8.444E+01   2.347E+10   3.783E+00   2.541E-01
   8.533E+01   2.224E+10   3.758E+00   2.574E-01
   8.623E+01   2.107E+10   3.733E+00   2.609E-01
   8.713E+01   1.999E+10   3.710E+00   2.641E-01
   8.804E+01   1.897E+10   3.686E+00   2.675E-01
   8.896E+01   1.803E+10   3.662E+00   2.706E-01
   8.988E+01   1.714E+10   3.639E+00   2.738E-01
   9.081E+01   1.632E+10   3.614E+00   2.769E-01
   9.175E+01   1.555E+10   3.588E+00   2.798E-01
   9.269E+01   1.484E+10   3.561E+00   2.826E-01
   9.364E+01   1.417E+10   3.535E+00   2.853E-01
   9.460E+01   1.353E+10   3.510E+00   2.880E-01
   9.556E+01   1.294E+10   3.484E+00   2.906E-01
   9.653E+01   1.239E+10   3.459E+00   2.931E-01
   9.751E+01   1.188E+10   3.431E+00   2.952E-01
   9.849E+01   1.141E+10   3.401E+00   2.973E-01
   9.949E+01   1.093E+10   3.375E+00   2.997E-01
   1.005E+02   1.048E+10   3.350E+00   3.023E-01
   1.015E+02   1.006E+10   3.324E+00   3.046E-01
   1.025E+02   9.701E+09   3.292E+00   3.062E-01
   1.035E+02   9.397E+09   3.256E+00   3.073E-01
   1.046E+02   9.108E+09   3.220E+00   3.085E-01
   1.056E+02   8.789E+09   3.192E+00   3.103E-01
   1.066E+02   8.452E+09   3.168E+00   3.129E-01
   1.077E+02   8.140E+09   3.144E+00   3.156E-01
   1.088E+02   7.876E+09   3.112E+00   3.175E-01
   1.098E+02   7.669E+09   3.073E+00   3.188E-01
   1.109E+02   7.485E+09   3.027E+00   3.198E-01
   1.120E+02   7.268E+09   2.989E+00   3.217E-01
   1.131E+02   6.985E+09   2.965E+00   3.249E-01
   1.142E+02   6.721E+09   2.939E+00   3.285E-01
   1.153E+02   6.509E+09   2.907E+00   3.316E-01
   1.164E+02   6.368E+09   2.860E+00   3.337E-01
   1.175E+02   6.273E+09   2.805E+00   3.356E-01
   1.187E+02   6.178E+09   2.747E+00   3.382E-01
   1.198E+02   6.007E+09   2.708E+00   3.422E-01
   1.209E+02   5.764E+09   2.683E+00   3.471E-01
   1.221E+02   5.580E+09   2.652E+00   3.519E-01
   1.233E+02   5.476E+09   2.598E+00   3.560E-01
   1.244E+02   5.443E+09   2.526E+00   3.600E-01
   1.256E+02   5.356E+09   2.466E+00   3.650E-01
   1.268E+02   5.142E+09   2.440E+00   3.709E-01
   1.280E+02   4.938E+09   2.419E+00   3.770E-01
   1.292E+02   4.813E+09   2.375E+00   3.826E-01
   1.304E+02   4.794E+09   2.302E+00   3.880E-01
   1.316E+02   4.775E+09   2.216E+00   3.940E-01
   1.329E+02   4.658E+09   2.176E+00   4.006E-01
   1.341E+02   4.437E+09   2.159E+00   4.070E-01
   1.354E+02   4.257E+09   2.139E+00   4.127E-01
   1.366E+02   4.157E+09   2.086E+00   4.183E-01
   1.379E+02   4.147E+09   2.000E+00   4.245E-01
   1.391E+02   4.137E+09   1.913E+00   4.311E-01
   1.404E+02   4.050E+09   1.864E+00   4.375E-01
   1.417E+02   3.850E+09   1.848E+00   4.429E-01
   1.430E+02   3.689E+09   1.833E+00   4.479E-01
   1.443E+02   3.600E+09   1.787E+00   4.530E-01
   1.456E+02   3.566E+09   1.731E+00   4.584E-01
   1.470E+02   3.510E+09   1.684E+00   4.636E-01
   1.483E+02   3.370E+09   1.664E+00   4.681E-01
   1.496E+02   3.194E+09   1.653E+00   4.719E-01
   1.510E+02   3.060E+09   1.632E+00   4.754E-01
   1.524E+02   2.980E+09   1.601E+00   4.791E-01
   1.537E+02   2.931E+09   1.564E+00   4.826E-01
   1.551E+02   2.837E+09   1.538E+00   4.856E-01
   1.565E+02   2.674E+09   1.528E+00   4.881E-01
   1.579E+02   2.524E+09   1.521E+00   4.904E-01
   1.593E+02   2.391E+09   1.510E+00   4.925E-01
   1.607E+02   2.287E+09   1.495E+00   4.945E-01
   1.622E+02   2.182E+09   1.455E+00   4.957E-01
   1.636E+02   1.656E+09   1.319E+00   4.970E-01
   1.651E+02   5.068E+08   9.341E-01   4.972E-01
   1.665E+02   2.456E+08   6.575E-01   4.971E-01
   1.680E+02   2.238E+08   6.374E-01   4.972E-01
   1.695E+02   2.217E+08   6.426E-01   4.972E-01
   1.709E+02   2.194E+08   6.384E-01   4.972E-01
   1.724E+02   2.161E+08   6.375E-01   4.972E-01
   1.739E+02   2.140E+08   6.360E-01   4.973E-01
   1.755E+02   2.108E+08   6.351E-01   4.973E-01
   1.770E+02   2.088E+08   6.338E-01   4.973E-01
   1.785E+02   2.057E+08   6.329E-01   4.973E-01
   1.801E+02   2.036E+08   6.317E-01   4.973E-01
   1.816E+02   2.007E+08   6.306E-01   4.974E-01
   1.832E+02   1.987E+08   6.294E-01   4.974E-01
   1.848E+02   1.959E+08   6.284E-01   4.974E-01
   1.864E+02   1.939E+08   6.272E-01   4.974E-01
   1.880E+02   1.913E+08   6.261E-01   4.974E-01
   1.896E+02   1.892E+08   6.249E-01   4.974E-01
   1.912E+02   1.867E+08   6.238E-01   4.975E-01
   1.928E+02   1.847E+08   6.227E-01   4.975E-01
   1.944E+02   1.823E+08   6.216E-01   4.975E-01
   1.961E+02   1.803E+08   6.204E-01   4.975E-01
   1.978E+02   1.780E+08   6.193E-01   4.975E-01
   1.994E+02   1.760E+08   6.182E-01   4.975E-01
   2.011E+02   1.738E+08   6.170E-01   4.975E-01
   2.028E+02   1.719E+08   6.159E-01   4.976E-01
   2.045E+02   1.697E+08   6.147E-01   4.976E-01
   2.063E+02   1.678E+08   6.136E-01   4.976E-01
   2.080E+02   1.657E+08   6.123E-01   4.976E-01
   2.097E+02   1.638E+08   6.111E-01   4.976E-01
   2.115E+02   1.618E+08   6.100E-01   4.976E-01
   2.133E+02   1.600E+08   6.090E-01   4.976E-01
   2.150E+02   1.580E+08   6.080E-01   4.976E-01
   2.168E+02   1.563E+08   6.069E-01   4.976E-01
   2.187E+02   1.544E+08   6.059E-01   4.977E-01
   2.205E+02   1.526E+08   6.049E-01   4.977E-01
   2.223E+02   1.508E+08   6.038E-01   4.977E-01
   2.242E+02   1.491E+08   6.029E-01   4.977E-01
   2.260E+02   1.473E+08   6.018E-01   4.977E-01
   2.279E+02   1.456E+08   6.009E-01   4.977E-01
   2.298E+02   1.439E+08   5.999E-01   4.977E-01
   2.317E+02   1.423E+08   5.990E-01   4.978E-01
   2.336E+02   1.406E+08   5.980E-01   4.978E-01
   2.355E+02   1.390E+08   5.970E-01   4.978E-01
   2.375E+02   1.374E+08   5.961E-01   4.978E-01
   2.394E+02   1.358E+08   5.951E-01   4.978E-01
   2.414E+02   1.342E+08   5.941E-01   4.978E-01
   2.434E+02   1.327E+08   5.931E-01   4.979E-01
   2.453E+02   1.312E+08   5.922E-01   4.979E-01
   2.474E+02   1.297E+08   5.912E-01   4.979E-01
   2.494E+02   1.282E+08   5.903E-01   4.979E-01
   2.514E+02   1.267E+08   5.894E-01   4.979E-01
   2.535E+02   1.253E+08   5.884E-01   4.979E-01
   2.555E+02   1.238E+08   5.874E-01   4.979E-01
   2.576E+02   1.224E+08   5.865E-01   4.979E-01
   2.597E+02   1.210E+08   5.855E-01   4.980E-01
   2.618E+02   1.196E+08   5.846E-01   4.980E-01
   2.639E+02   1.183E+08   5.837E-01   4.980E-01
   2.661E+02   1.169E+08   5.827E-01   4.980E-01
   2.682E+02   1.156E+08   5.818E-01   4.980E-01
   2.704E+02   1.143E+08   5.808E-01   4.980E-01
   2.726E+02   1.130E+08   5.799E-01   4.980E-01
   2.748E+02   1.117E+08   5.789E-01   4.980E-01
   2.770E+02   1.105E+08   5.780E-01   4.981E-01
   2.792E+02   1.092E+08   5.770E-01   4.981E-01
   2.815E+02   1.080E+08   5.761E-01   4.981E-01
   2.837E+02   1.068E+08   5.751E-01   4.981E-01
   2.860E+02   1.056E+08   5.742E-01   4.981E-01
   2.883E+02   1.044E+08   5.732E-01   4.981E-01
   2.906E+02   1.033E+08   5.723E-01   4.981E-01
   2.929E+02   1.021E+08   5.714E-01   4.981E-01
   2.953E+02   1.010E+08   5.705E-01   4.982E-01
   2.976E+02   9.985E+07   5.696E-01   4.982E-01
   3.000E+02   9.875E+07   5.687E-01   4.982E-01
   3.024E+02   9.764E+07   5.678E-01   4.982E-01
   3.048E+02   9.657E+07   5.669E-01   4.982E-01
   3.072E+02   9.549E+07   5.661E-01   4.982E-01
   3.097E+02   9.445E+07   5.653E-01   4.982E-01
   3.121E+02   9.340E+07   5.644E-01   4.982E-01
   3.146E+02   9.238E+07   5.637E-01   4.982E-01
   3.171E+02   9.136E+07   5.629E-01   4.983E-01
   3.196E+02   9.036E+07   5.621E-01   4.983E-01
   3.221E+02   8.937E+07   5.613E-01   4.983E-01
   3.247E+02   8.839E+07   5.605E-01   4.983E-01
   3.272E+02   8.743E+07   5.596E-01   4.983E-01
   3.298E+02   8.647E+07   5.588E-01   4.983E-01
   3.324E+02   8.552E+07   5.580E-01   4.983E-01
   3.350E+02   8.458E+07   5.571E-01   4.983E-01
   3.377E+02   8.366E+07   5.563E-01   4.983E-01
   3.403E+02   8.275E+07   5.555E-01   4.983E-01
   3.430E+02   8.185E+07   5.547E-01   4.984E-01
   3.457E+02   8.096E+07   5.539E-01   4.984E-01
   3.484E+02   8.008E+07   5.531E-01   4.984E-01
   3.511E+02   7.921E+07   5.523E-01   4.984E-01
   3.539E+02   7.837E+07   5.515E-01   4.984E-01
   3.567E+02   7.753E+07   5.506E-01   4.984E-01
   3.595E+02   7.670E+07   5.499E-01   4.984E-01
   3.623E+02   7.588E+07   5.490E-01   4.984E-01
   3.651E+02   7.506E+07   5.482E-01   4.984E-01
   3.679E+02   7.426E+07   5.474E-01   4.984E-01
   3.708E+02   7.346E+07   5.466E-01   4.984E-01
   3.737E+02   7.267E+07   5.457E-01   4.985E-01
   3.766E+02   7.188E+07   5.450E-01   4.985E-01
   3.795E+02   7.110E+07   5.441E-01   4.985E-01
   3.825E+02   7.032E+07   5.432E-01   4.985E-01
   3.854E+02   6.956E+07   5.423E-01   4.985E-01
   3.884E+02   6.880E+07   5.413E-01   4.985E-01
   3.914E+02   6.806E+07   5.404E-01   4.985E-01
   3.945E+02   6.733E+07   5.395E-01   4.985E-01
   3.975E+02   6.661E+07   5.386E-01   4.985E-01
   4.006E+02   6.590E+07   5.377E-01   4.985E-01
   4.037E+02   6.520E+07   5.369E-01   4.985E-01
   4.068E+02   6.451E+07   5.360E-01   4.985E-01
   4.100E+02   6.382E+07   5.351E-01   4.986E-01
   4.131E+02   6.314E+07   5.343E-01   4.986E-01
   4.163E+02   6.246E+07   5.333E-01   4.986E-01
   4.195E+02   6.179E+07   5.325E-01   4.986E-01
   4.227E+02   6.113E+07   5.316E-01   4.986E-01
   4.260E+02   6.047E+07   5.307E-01   4.986E-01
   4.293E+02   5.982E+07   5.299E-01   4.986E-01
   4.326E+02   5.918E+07   5.290E-01   4.986E-01
   4.359E+02   5.854E+07   5.282E-01   4.986E-01
   4.392E+02   5.791E+07   5.273E-01   4.986E-01
   4.426E+02   5.729E+07   5.265E-01   4.986E-01
   4.460E+02   5.668E+07   5.257E-01   4.986E-01
   4.494E+02   5.607E+07   5.249E-01   4.986E-01
   4.528E+02   5.547E+07   5.240E-01   4.986E-01
   4.563E+02   5.488E+07   5.232E-01   4.987E-01
   4.598E+02   5.428E+07   5.223E-01   4.987E-01
   4.633E+02   5.370E+07   5.215E-01   4.987E-01
   4.668E+02   5.317E+07   5.209E-01   4.987E-01
   4.775E+02   5.136E+07   5.657E-01   4.987E-01
   4.951E+02   5.028E+07   5.569E-01   4.987E-01
   5.125E+02   4.650E+07   5.467E-01   4.987E-01
   5.294E+02   4.535E+07   5.407E-01   4.987E-01
   5.462E+02   4.264E+07   5.310E-01   4.987E-01
   5.630E+02   4.141E+07   5.249E-01   4.987E-01
   5.798E+02   3.910E+07   5.165E-01   4.987E-01
   5.966E+02   3.803E+07   5.107E-01   4.987E-01
   6.134E+02   3.603E+07   5.027E-01   4.987E-01
   6.302E+02   3.505E+07   4.975E-01   4.987E-01
   6.471E+02   3.329E+07   4.903E-01   4.987E-01
   6.641E+02   3.241E+07   4.858E-01   4.987E-01
   6.811E+02   3.087E+07   4.788E-01   4.987E-01
   6.982E+02   3.012E+07   4.740E-01   4.987E-01
   7.154E+02   2.873E+07   4.676E-01   4.987E-01
   7.327E+02   2.798E+07   4.634E-01   4.987E-01
   7.502E+02   2.670E+07   4.573E-01   4.987E-01
   7.677E+02   2.603E+07   4.531E-01   4.987E-01
   7.854E+02   2.490E+07   4.472E-01   4.987E-01
   8.033E+02   2.427E+07   4.432E-01   4.987E-01
   8.214E+02   2.322E+07   4.377E-01   4.987E-01
   8.397E+02   2.262E+07   4.342E-01   4.987E-01
   8.581E+02   2.164E+07   4.288E-01   4.987E-01
   8.766E+02   2.109E+07   4.252E-01   4.987E-01
   8.953E+02   2.022E+07   4.200E-01   4.987E-01
   9.141E+02   1.975E+07   4.168E-01   4.987E-01
   9.330E+02   1.892E+07   4.117E-01   4.987E-01
   9.521E+02   1.849E+07   4.086E-01   4.987E-01
   9.714E+02   1.773E+07   4.036E-01   4.987E-01
   9.909E+02   1.734E+07   4.005E-01   4.987E-01
   1.010E+03   1.664E+07   3.957E-01   4.987E-01
   1.030E+03   1.626E+07   3.929E-01   4.987E-01
   1.050E+03   1.560E+07   3.883E-01   4.987E-01
   1.070E+03   1.521E+07   3.855E-01   4.987E-01
   1.091E+03   1.463E+07   3.810E-01   4.987E-01
   1.111E+03   1.430E+07   3.782E-01   4.987E-01
   1.132E+03   1.377E+07   3.739E-01   4.987E-01
   1.153E+03   1.342E+07   3.710E-01   4.987E-01
   1.174E+03   1.288E+07   3.665E-01   4.987E-01
   1.195E+03   1.256E+07   3.640E-01   4.987E-01
   1.216E+03   1.207E+07   3.596E-01   4.987E-01
   1.238E+03   1.182E+07   3.573E-01   4.987E-01
   1.260E+03   1.136E+07   3.529E-01   4.987E-01
   1.282E+03   1.112E+07   3.505E-01   4.987E-01
   1.304E+03   1.069E+07   3.464E-01   4.987E-01
   1.327E+03   1.046E+07   3.442E-01   4.987E-01
   1.349E+03   1.001E+07   3.397E-01   4.987E-01
   1.372E+03   9.752E+06   3.370E-01   4.987E-01
   1.395E+03   9.385E+06   3.332E-01   4.987E-01
   1.418E+03   9.201E+06   3.313E-01   4.987E-01
   1.442E+03   8.853E+06   3.271E-01   4.987E-01
   1.466E+03   8.646E+06   3.243E-01   4.987E-01
   1.490E+03   8.326E+06   3.200E-01   4.987E-01
   1.514E+03   8.157E+06   3.175E-01   4.987E-01
   1.538E+03   7.850E+06   3.132E-01   4.987E-01
   1.563E+03   7.659E+06   3.107E-01   4.987E-01
   1.588E+03   7.400E+06   3.074E-01   4.987E-01
   1.613E+03   7.234E+06   3.051E-01   4.987E-01
   1.639E+03   6.958E+06   3.005E-01   4.987E-01
   1.664E+03   6.782E+06   2.976E-01   4.987E-01
   1.690E+03   6.508E+06   2.950E-01   4.987E-01
   1.717E+03   6.302E+06   2.937E-01   4.987E-01
   1.743E+03   5.873E+06   2.920E-01   4.987E-01
   1.770E+03   5.424E+06   2.965E-01   4.988E-01
   1.797E+03   4.575E+06   3.034E-01   4.988E-01
   1.824E+03   3.906E+06   3.102E-01   4.989E-01
   1.851E+03   3.297E+06   3.126E-01   4.990E-01
   1.879E+03   3.105E+06   3.126E-01   4.991E-01
   1.907E+03   3.004E+06   3.107E-01   4.991E-01
   1.935E+03   2.947E+06   3.094E-01   4.991E-01
   1.964E+03   2.879E+06   3.076E-01   4.991E-01
   1.993E+03   2.854E+06   3.061E-01   4.991E-01
   2.022E+03   2.827E+06   3.038E-01   4.991E-01
   2.051E+03   2.776E+06   3.018E-01   4.991E-01
   2.081E+03   2.704E+06   3.000E-01   4.991E-01
   2.111E+03   2.653E+06   2.985E-01   4.991E-01
   2.140E+03   2.608E+06   2.970E-01   4.991E-01
   2.170E+03   2.582E+06   2.957E-01   4.991E-01
   2.200E+03   2.530E+06   2.939E-01   4.991E-01
   2.231E+03   2.476E+06   2.920E-01   4.991E-01
   2.261E+03   2.428E+06   2.901E-01   4.991E-01
   2.292E+03   2.387E+06   2.886E-01   4.991E-01
   2.323E+03   2.343E+06   2.868E-01   4.991E-01
   2.354E+03   2.319E+06   2.857E-01   4.991E-01
   2.386E+03   2.284E+06   2.843E-01   4.991E-01
   2.417E+03   2.252E+06   2.830E-01   4.991E-01
   2.449E+03   2.213E+06   2.812E-01   4.991E-01
   2.481E+03   2.180E+06   2.799E-01   4.991E-01
   2.514E+03   2.142E+06   2.783E-01   4.991E-01
   2.547E+03   2.107E+06   2.768E-01   4.991E-01
   2.579E+03   2.064E+06   2.752E-01   4.991E-01
   2.613E+03   2.032E+06   2.738E-01   4.991E-01
   2.646E+03   1.992E+06   2.721E-01   4.991E-01
   2.680E+03   1.959E+06   2.706E-01   4.991E-01
   2.714E+03   1.927E+06   2.691E-01   4.991E-01
   2.748E+03   1.898E+06   2.677E-01   4.991E-01
   2.782E+03   1.860E+06   2.659E-01   4.991E-01
   2.817E+03   1.830E+06   2.646E-01   4.991E-01
   2.852E+03   1.800E+06   2.631E-01   4.991E-01
   2.887E+03   1.778E+06   2.621E-01   4.991E-01
   2.923E+03   1.750E+06   2.607E-01   4.991E-01
   2.959E+03   1.718E+06   2.592E-01   4.991E-01
   2.995E+03   1.684E+06   2.577E-01   4.991E-01
   3.031E+03   1.659E+06   2.565E-01   4.991E-01
   3.068E+03   1.637E+06   2.553E-01   4.991E-01
   3.105E+03   1.614E+06   2.541E-01   4.991E-01
   3.143E+03   1.589E+06   2.528E-01   4.991E-01
   3.182E+03   1.549E+06   2.508E-01   4.991E-01
   3.221E+03   1.522E+06   2.493E-01   4.991E-01
   3.260E+03   1.491E+06   2.477E-01   4.991E-01
   3.301E+03   1.476E+06   2.469E-01   4.991E-01
   3.341E+03   1.451E+06   2.455E-01   4.991E-01
   3.383E+03   1.432E+06   2.445E-01   4.991E-01
   3.425E+03   1.402E+06   2.429E-01   4.991E-01
   3.467E+03   1.374E+06   2.414E-01   4.991E-01
   3.510E+03   1.334E+06   2.390E-01   4.991E-01
   3.554E+03   1.306E+06   2.375E-01   4.991E-01
   3.598E+03   1.266E+06   2.353E-01   4.991E-01
   3.642E+03   1.238E+06   2.335E-01   4.991E-01
   3.688E+03   1.204E+06   2.315E-01   4.991E-01
   3.733E+03   1.180E+06   2.301E-01   4.991E-01
   3.780E+03   1.150E+06   2.282E-01   4.991E-01
   3.826E+03   1.128E+06   2.266E-01   4.991E-01
   3.874E+03   1.102E+06   2.250E-01   4.991E-01
   3.923E+03   1.079E+06   2.234E-01   4.991E-01
   3.972E+03   1.052E+06   2.217E-01   4.991E-01
   4.023E+03   1.031E+06   2.204E-01   4.991E-01
   4.075E+03   1.006E+06   2.188E-01   4.991E-01
   4.127E+03   9.849E+05   2.174E-01   4.991E-01
   4.180E+03   9.569E+05   2.153E-01   4.991E-01
   4.234E+03   9.319E+05   2.135E-01   4.991E-01
   4.288E+03   8.971E+05   2.110E-01   4.991E-01
   4.343E+03   8.721E+05   2.091E-01   4.991E-01
   4.398E+03   8.487E+05   2.072E-01   4.991E-01
   4.454E+03   8.299E+05   2.058E-01   4.991E-01
   4.510E+03   8.078E+05   2.042E-01   4.991E-01
   4.567E+03   7.897E+05   2.028E-01   4.991E-01
   4.624E+03   7.746E+05   2.015E-01   4.991E-01
   4.682E+03   7.620E+05   2.004E-01   4.991E-01
   4.741E+03   7.489E+05   1.993E-01   4.991E-01
   4.800E+03   7.353E+05   1.982E-01   4.991E-01
   4.859E+03   7.201E+05   1.968E-01   4.991E-01
   4.919E+03   7.064E+05   1.957E-01   4.991E-01
   4.980E+03   6.936E+05   1.946E-01   4.991E-01
   5.041E+03   6.814E+05   1.935E-01   4.991E-01
   5.102E+03   6.703E+05   1.924E-01   4.991E-01
   5.164E+03   6.577E+05   1.913E-01   4.991E-01
   5.227E+03   6.461E+05   1.903E-01   4.991E-01
   5.290E+03   6.345E+05   1.892E-01   4.991E-01
   5.354E+03   6.234E+05   1.881E-01   4.991E-01
   5.419E+03   6.119E+05   1.870E-01   4.991E-01
   5.484E+03   6.009E+05   1.859E-01   4.991E-01
   5.549E+03   5.906E+05   1.849E-01   4.991E-01
   5.616E+03   5.805E+05   1.839E-01   4.991E-01
   5.683E+03   5.709E+05   1.829E-01   4.991E-01
   5.751E+03   5.607E+05   1.818E-01   4.991E-01
   5.819E+03   5.508E+05   1.808E-01   4.991E-01
   5.888E+03   5.407E+05   1.798E-01   4.991E-01
   5.958E+03   5.304E+05   1.786E-01   4.991E-01
   6.028E+03   5.203E+05   1.776E-01   4.991E-01
   6.100E+03   5.107E+05   1.765E-01   4.991E-01
   6.171E+03   5.017E+05   1.755E-01   4.991E-01
   6.244E+03   4.927E+05   1.745E-01   4.991E-01
   6.317E+03   4.837E+05   1.735E-01   4.991E-01
   6.391E+03   4.752E+05   1.725E-01   4.991E-01
   6.466E+03   4.673E+05   1.716E-01   4.991E-01
   6.542E+03   4.587E+05   1.705E-01   4.991E-01
   6.618E+03   4.503E+05   1.695E-01   4.991E-01
   6.695E+03   4.419E+05   1.685E-01   4.991E-01
   6.773E+03   4.340E+05   1.675E-01   4.991E-01
   6.852E+03   4.260E+05   1.665E-01   4.991E-01
   6.931E+03   4.183E+05   1.655E-01   4.991E-01
   7.012E+03   4.108E+05   1.646E-01   4.991E-01
   7.093E+03   4.034E+05   1.636E-01   4.991E-01
   7.175E+03   3.964E+05   1.627E-01   4.991E-01
   7.258E+03   3.895E+05   1.617E-01   4.991E-01
   7.342E+03   3.817E+05   1.607E-01   4.991E-01
   7.426E+03   3.745E+05   1.597E-01   4.991E-01
   7.512E+03   3.672E+05   1.586E-01   4.991E-01
   7.599E+03   3.606E+05   1.578E-01   4.991E-01
   7.686E+03   3.540E+05   1.568E-01   4.991E-01
   7.775E+03   3.472E+05   1.558E-01   4.991E-01
   7.864E+03   3.406E+05   1.549E-01   4.991E-01
   7.955E+03   3.344E+05   1.539E-01   4.991E-01
   8.046E+03   3.284E+05   1.530E-01   4.991E-01
   8.138E+03   3.221E+05   1.520E-01   4.992E-01
   8.232E+03   3.160E+05   1.511E-01   4.992E-01
   8.326E+03   3.097E+05   1.500E-01   4.992E-01
   8.422E+03   3.037E+05   1.491E-01   4.992E-01
   8.519E+03   2.977E+05   1.481E-01   4.992E-01
   8.617E+03   2.922E+05   1.472E-01   4.992E-01
   8.715E+03   2.866E+05   1.462E-01   4.992E-01
   8.815E+03   2.812E+05   1.454E-01   4.992E-01
   8.916E+03   2.757E+05   1.443E-01   4.992E-01
   9.019E+03   2.702E+05   1.434E-01   4.992E-01
   9.122E+03   2.648E+05   1.424E-01   4.992E-01
   9.227E+03   2.596E+05   1.415E-01   4.992E-01
   9.333E+03   2.546E+05   1.406E-01   4.992E-01
   9.440E+03   2.495E+05   1.397E-01   4.992E-01
   9.548E+03   2.445E+05   1.387E-01   4.992E-01
   9.657E+03   2.396E+05   1.378E-01   4.992E-01
   9.768E+03   2.350E+05   1.369E-01   4.992E-01
   9.880E+03   2.304E+05   1.360E-01   4.992E-01
   9.993E+03   2.256E+05   1.350E-01   4.992E-01
   1.011E+04   2.209E+05   1.341E-01   4.992E-01
   1.022E+04   2.163E+05   1.331E-01   4.992E-01
   1.034E+04   2.119E+05   1.322E-01   4.992E-01
   1.046E+04   2.076E+05   1.313E-01   4.992E-01
   1.058E+04   2.035E+05   1.305E-01   4.992E-01
   1.070E+04   1.995E+05   1.295E-01   4.992E-01
   1.083E+04   1.952E+05   1.286E-01   4.992E-01
   1.095E+04   1.910E+05   1.276E-01   4.992E-01
   1.108E+04   1.870E+05   1.268E-01   4.992E-01
   1.120E+04   1.830E+05   1.258E-01   4.992E-01
   1.133E+04   1.793E+05   1.250E-01   4.992E-01
   1.146E+04   1.754E+05   1.240E-01   4.992E-01
   1.159E+04   1.717E+05   1.231E-01   4.992E-01
   1.173E+04   1.681E+05   1.223E-01   4.992E-01
   1.186E+04   1.645E+05   1.214E-01   4.992E-01
   1.200E+04   1.609E+05   1.206E-01   4.992E-01
   1.214E+04   1.574E+05   1.196E-01   4.992E-01
   1.228E+04   1.540E+05   1.187E-01   4.992E-01
   1.242E+04   1.505E+05   1.178E-01   4.992E-01
   1.256E+04   1.472E+05   1.169E-01   4.992E-01
   1.271E+04   1.440E+05   1.161E-01   4.992E-01
   1.285E+04   1.410E+05   1.152E-01   4.992E-01
   1.300E+04   1.378E+05   1.143E-01   4.992E-01
   1.315E+04   1.347E+05   1.134E-01   4.992E-01
   1.331E+04   1.316E+05   1.125E-01   4.992E-01
   1.346E+04   1.286E+05   1.116E-01   4.992E-01
   1.362E+04   1.257E+05   1.107E-01   4.992E-01
   1.377E+04   1.229E+05   1.099E-01   4.992E-01
   1.393E+04   1.201E+05   1.090E-01   4.992E-01
   1.409E+04   1.174E+05   1.081E-01   4.992E-01
   1.426E+04   1.146E+05   1.072E-01   4.992E-01
   1.442E+04   1.119E+05   1.063E-01   4.992E-01
   1.459E+04   1.093E+05   1.055E-01   4.992E-01
   1.476E+04   1.067E+05   1.046E-01   4.992E-01
   1.493E+04   1.043E+05   1.038E-01   4.992E-01
   1.510E+04   1.018E+05   1.029E-01   4.992E-01
   1.528E+04   9.936E+04   1.020E-01   4.992E-01
   1.546E+04   9.692E+04   1.011E-01   4.992E-01
   1.564E+04   9.458E+04   1.002E-01   4.992E-01
   1.582E+04   9.231E+04   9.936E-02   4.992E-01
   1.600E+04   9.009E+04   9.850E-02   4.992E-01
   1.619E+04   8.787E+04   9.763E-02   4.992E-01
   1.638E+04   8.571E+04   9.677E-02   4.992E-01
   1.657E+04   8.353E+04   9.591E-02   4.992E-01
   1.676E+04   8.145E+04   9.505E-02   4.992E-01
   1.696E+04   7.944E+04   9.419E-02   4.992E-01
   1.716E+04   7.741E+04   9.333E-02   4.992E-01
   1.736E+04   7.543E+04   9.246E-02   4.992E-01
   1.756E+04   7.351E+04   9.169E-02   4.992E-01
   1.777E+04   7.163E+04   9.083E-02   4.992E-01
   1.798E+04   6.975E+04   8.996E-02   4.992E-01
   1.819E+04   6.791E+04   8.910E-02   4.992E-01
   1.840E+04   6.612E+04   8.824E-02   4.992E-01
   1.862E+04   6.438E+04   8.738E-02   4.992E-01
   1.883E+04   6.269E+04   8.660E-02   4.992E-01
   1.906E+04   6.099E+04   8.572E-02   4.992E-01
   1.928E+04   5.932E+04   8.485E-02   4.992E-01
   1.951E+04   5.770E+04   8.402E-02   4.992E-01
   1.973E+04   5.611E+04   8.317E-02   4.992E-01
   1.997E+04   5.457E+04   8.234E-02   4.992E-01
   2.020E+04   5.307E+04   8.151E-02   4.992E-01
   2.044E+04   5.157E+04   8.068E-02   4.992E-01
   2.068E+04   5.010E+04   7.983E-02   4.992E-01
   2.092E+04   4.865E+04   7.899E-02   4.992E-01
   2.117E+04   4.725E+04   7.815E-02   4.992E-01
   2.142E+04   4.592E+04   7.734E-02   4.992E-01
   2.167E+04   4.458E+04   7.651E-02   4.992E-01
   2.193E+04   4.324E+04   7.567E-02   4.992E-01
   2.219E+04   4.194E+04   7.482E-02   4.992E-01
   2.245E+04   4.070E+04   7.401E-02   4.992E-01
   2.271E+04   3.948E+04   7.320E-02   4.992E-01
   2.298E+04   3.829E+04   7.239E-02   4.992E-01
   2.325E+04   3.709E+04   7.155E-02   4.992E-01
   2.353E+04   3.594E+04   7.073E-02   4.992E-01
   2.381E+04   3.481E+04   6.991E-02   4.992E-01
   2.409E+04   3.373E+04   6.910E-02   4.992E-01
   2.437E+04   3.266E+04   6.829E-02   4.992E-01
   2.466E+04   3.161E+04   6.748E-02   4.992E-01
   2.496E+04   3.057E+04   6.666E-02   4.992E-01
   2.525E+04   2.957E+04   6.585E-02   4.992E-01
   2.555E+04   2.861E+04   6.505E-02   4.992E-01
   2.585E+04   2.766E+04   6.425E-02   4.992E-01
   2.616E+04   2.671E+04   6.343E-02   4.992E-01
   2.647E+04   2.581E+04   6.263E-02   4.992E-01
   2.679E+04   2.493E+04   6.184E-02   4.992E-01
   2.711E+04   2.407E+04   6.105E-02   4.992E-01
   2.743E+04   2.322E+04   6.024E-02   4.992E-01
   2.775E+04   2.240E+04   5.945E-02   4.992E-01
   2.808E+04   2.160E+04   5.866E-02   4.992E-01
   2.842E+04   2.083E+04   5.787E-02   4.992E-01
   2.876E+04   2.007E+04   5.708E-02   4.992E-01
   2.910E+04   1.932E+04   5.629E-02   4.992E-01
   2.945E+04   1.860E+04   5.550E-02   4.992E-01
   2.980E+04   1.791E+04   5.473E-02   4.992E-01
   3.015E+04   1.723E+04   5.394E-02   4.992E-01
   3.051E+04   1.656E+04   5.316E-02   4.992E-01
   3.088E+04   1.592E+04   5.233E-02   4.992E-01
   3.124E+04   1.523E+04   5.150E-02   4.993E-01
   3.162E+04   1.453E+04   5.083E-02   4.993E-01
   3.199E+04   1.385E+04   5.015E-02   4.993E-01
   3.238E+04   1.320E+04   4.950E-02   4.993E-01
   3.276E+04   1.257E+04   4.885E-02   4.993E-01
   3.315E+04   1.197E+04   4.821E-02   4.993E-01
   3.355E+04   1.138E+04   4.758E-02   4.993E-01
   3.395E+04   1.082E+04   4.696E-02   4.993E-01
   3.436E+04   1.028E+04   4.637E-02   4.993E-01
   3.477E+04   9.763E+03   4.578E-02   4.993E-01
   3.519E+04   9.261E+03   4.521E-02   4.993E-01
   3.561E+04   8.779E+03   4.464E-02   4.993E-01
   3.603E+04   8.318E+03   4.409E-02   4.993E-01
   3.647E+04   7.876E+03   4.357E-02   4.993E-01
   3.690E+04   7.444E+03   4.306E-02   4.993E-01
   3.734E+04   7.021E+03   4.258E-02   4.993E-01
   3.779E+04   6.615E+03   4.211E-02   4.993E-01
   3.825E+04   6.227E+03   4.167E-02   4.993E-01
   3.871E+04   5.854E+03   4.127E-02   4.993E-01
   3.917E+04   5.499E+03   4.088E-02   4.993E-01
   3.964E+04   5.159E+03   4.051E-02   4.993E-01
   4.012E+04   4.839E+03   4.014E-02   4.993E-01
   4.060E+04   4.541E+03   3.979E-02   4.993E-01
   4.109E+04   4.273E+03   3.942E-02   4.993E-01
   4.158E+04   4.023E+03   3.909E-02   4.993E-01
   4.208E+04   3.785E+03   3.876E-02   4.993E-01
   4.258E+04   3.506E+03   3.855E-02   4.994E-01
   4.310E+04   3.346E+03   3.815E-02   4.993E-01
   4.362E+04   3.198E+03   3.755E-02   4.993E-01
   4.414E+04   3.094E+03   3.711E-02   4.993E-01
   4.467E+04   2.992E+03   3.667E-02   4.993E-01
   4.521E+04   2.894E+03   3.623E-02   4.993E-01
   4.575E+04   2.796E+03   3.579E-02   4.993E-01
   4.630E+04   2.702E+03   3.535E-02   4.993E-01
   4.686E+04   2.612E+03   3.492E-02   4.993E-01
   4.743E+04   2.525E+03   3.450E-02   4.993E-01
   4.800E+04   2.439E+03   3.407E-02   4.993E-01
   4.858E+04   2.354E+03   3.364E-02   4.993E-01
   4.916E+04   2.274E+03   3.322E-02   4.993E-01
   4.976E+04   2.197E+03   3.281E-02   4.993E-01
   5.036E+04   2.121E+03   3.240E-02   4.993E-01
   5.096E+04   2.047E+03   3.199E-02   4.993E-01
   5.158E+04   1.974E+03   3.157E-02   4.993E-01
   5.220E+04   1.905E+03   3.117E-02   4.993E-01
   5.283E+04   1.839E+03   3.077E-02   4.993E-01
   5.347E+04   1.773E+03   3.038E-02   4.993E-01
   5.412E+04   1.709E+03   2.997E-02   4.993E-01
   5.477E+04   1.647E+03   2.957E-02   4.993E-01
   5.543E+04   1.588E+03   2.919E-02   4.993E-01
   5.610E+04   1.531E+03   2.880E-02   4.993E-01
   5.678E+04   1.474E+03   2.841E-02   4.993E-01
   5.747E+04   1.419E+03   2.802E-02   4.993E-01
   5.816E+04   1.367E+03   2.764E-02   4.993E-01
   5.887E+04   1.316E+03   2.727E-02   4.993E-01
   5.958E+04   1.267E+03   2.690E-02   4.993E-01
   6.030E+04   1.217E+03   2.651E-02   4.993E-01
   6.103E+04   1.168E+03   2.614E-02   4.993E-01
   6.177E+04   1.119E+03   2.545E-02   4.993E-01
   6.252E+04   9.145E+02   2.509E-02   4.993E-01
