                Time                    D                   S1                   S2                   S3                  tau                    P
  0.000000000000E+00   5.625000000000E-01   0.000000000000E+00   0.000000000000E+00   0.000000000000E+00   8.250000000000E-01   5.500000000000E-01
  3.974444359934E-03   5.625000000000E-01   3.576999923941E-03   0.000000000000E+00   0.000000000000E+00   8.250000000000E-01   5.492512446909E-01
  7.986211384800E-03   5.625000000000E-01   7.187590246320E-03   0.000000000000E+00   0.000000000000E+00   8.250000000000E-01   5.484376055601E-01
  1.199631739824E-02   5.625000000000E-01   1.079668565842E-02   0.000000000000E+00   0.000000000000E+00   8.250000000000E-01   5.476253572522E-01
  1.598732567036E-02   5.625000000000E-01   1.438859310332E-02   0.000000000000E+00   0.000000000000E+00   8.250000000000E-01   5.468149241831E-01
  1.998021302769E-02   5.625000000000E-01   1.798219172492E-02   0.000000000000E+00   0.000000000000E+00   8.250000000000E-01   5.460062761962E-01
  2.397534339003E-02   5.625000000000E-01   2.157780905103E-02   0.000000000000E+00   0.000000000000E+00   8.250000000000E-01   5.451955363318E-01
  2.796823734038E-02   5.625000000000E-01   2.517141360635E-02   0.000000000000E+00   0.000000000000E+00   8.250000000000E-01   5.443923412734E-01
  3.199757076804E-02   5.625000000000E-01   2.879781369124E-02   0.000000000000E+00   0.000000000000E+00   8.250000000000E-01   5.435703962069E-01
  3.598851490168E-02   5.625000000000E-01   3.238966341152E-02   0.000000000000E+00   0.000000000000E+00   8.250000000000E-01   5.427616817610E-01
  3.997864787929E-02   5.625000000000E-01   3.598078309136E-02   0.000000000000E+00   0.000000000000E+00   8.250000000000E-01   5.419513515044E-01
  4.396876093990E-02   5.625000000000E-01   3.957188484591E-02   0.000000000000E+00   0.000000000000E+00   8.250000000000E-01   5.411425973159E-01
  4.799491416460E-02   5.625000000000E-01   4.319542274814E-02   0.000000000000E+00   0.000000000000E+00   8.250000000000E-01   5.403251625973E-01
  5.198254970446E-02   5.625000000000E-01   4.678429473402E-02   0.000000000000E+00   0.000000000000E+00   8.250000000000E-01   5.395227263337E-01
  5.597137355899E-02   5.625000000000E-01   5.037423620309E-02   0.000000000000E+00   0.000000000000E+00   8.250000000000E-01   5.387095332027E-01
  5.999661423168E-02   5.625000000000E-01   5.399695280851E-02   0.000000000000E+00   0.000000000000E+00   8.250000000000E-01   5.378936676925E-01
  6.398412116202E-02   5.625000000000E-01   5.758570904582E-02   0.000000000000E+00   0.000000000000E+00   8.250000000000E-01   5.370840229176E-01
  6.797174628056E-02   5.625000000000E-01   6.117457165251E-02   0.000000000000E+00   0.000000000000E+00   8.250000000000E-01   5.362760005306E-01
  7.199619818647E-02   5.625000000000E-01   6.479657836782E-02   0.000000000000E+00   0.000000000000E+00   8.250000000000E-01   5.354590424156E-01
  7.598231028472E-02   5.625000000000E-01   6.838407925625E-02   0.000000000000E+00   0.000000000000E+00   8.250000000000E-01   5.346567107225E-01
  7.996972890129E-02   5.625000000000E-01   7.197275601116E-02   0.000000000000E+00   0.000000000000E+00   8.250000000000E-01   5.338455943160E-01
  8.399416854384E-02   5.625000000000E-01   7.559475168946E-02   0.000000000000E+00   0.000000000000E+00   8.250000000000E-01   5.330287523922E-01
  8.798100630434E-02   5.625000000000E-01   7.918290567391E-02   0.000000000000E+00   0.000000000000E+00   8.250000000000E-01   5.322195196411E-01
  9.196788233801E-02   5.625000000000E-01   8.277109410421E-02   0.000000000000E+00   0.000000000000E+00   8.250000000000E-01   5.314117374867E-01
  9.599204048826E-02   5.625000000000E-01   8.639283643944E-02   0.000000000000E+00   0.000000000000E+00   8.250000000000E-01   5.305950730137E-01
  9.997798720493E-02   5.625000000000E-01   8.998018848444E-02   0.000000000000E+00   0.000000000000E+00   8.250000000000E-01   5.297914882389E-01
  1.039649539885E-01   5.625000000000E-01   9.356845858962E-02   0.000000000000E+00   0.000000000000E+00   8.250000000000E-01   5.289830478843E-01
  1.079894562804E-01   5.625000000000E-01   9.719051065237E-02   0.000000000000E+00   0.000000000000E+00   8.250000000000E-01   5.281646164521E-01
  1.119763578979E-01   5.625000000000E-01   1.007787221081E-01   0.000000000000E+00   0.000000000000E+00   8.250000000000E-01   5.273555026744E-01
  1.159631394069E-01   5.625000000000E-01   1.043668254662E-01   0.000000000000E+00   0.000000000000E+00   8.250000000000E-01   5.265477278351E-01
  1.199874227867E-01   5.625000000000E-01   1.079886805081E-01   0.000000000000E+00   0.000000000000E+00   8.250000000000E-01   5.257314963858E-01
  1.239737284571E-01   5.625000000000E-01   1.115763556114E-01   0.000000000000E+00   0.000000000000E+00   8.250000000000E-01   5.249260661686E-01
  1.279973594227E-01   5.625000000000E-01   1.151976234805E-01   0.000000000000E+00   0.000000000000E+00   8.250000000000E-01   5.241132629624E-01
  1.319852048617E-01   5.625000000000E-01   1.187866843755E-01   0.000000000000E+00   0.000000000000E+00   8.250000000000E-01   5.233005340954E-01
  1.359723590028E-01   5.625000000000E-01   1.223751231025E-01   0.000000000000E+00   0.000000000000E+00   8.250000000000E-01   5.224933996844E-01
  1.399961574238E-01   5.625000000000E-01   1.259965416814E-01   0.000000000000E+00   0.000000000000E+00   8.250000000000E-01   5.216760608317E-01
  1.439836958774E-01   5.625000000000E-01   1.295853262896E-01   0.000000000000E+00   0.000000000000E+00   8.250000000000E-01   5.208677950160E-01
  1.479705440088E-01   5.625000000000E-01   1.331734896079E-01   0.000000000000E+00   0.000000000000E+00   8.250000000000E-01   5.200604920071E-01
  1.519939771654E-01   5.625000000000E-01   1.367945794489E-01   0.000000000000E+00   0.000000000000E+00   8.250000000000E-01   5.192499066933E-01
  1.559819625532E-01   5.625000000000E-01   1.403837662979E-01   0.000000000000E+00   0.000000000000E+00   8.250000000000E-01   5.184363048509E-01
  1.599694222911E-01   5.625000000000E-01   1.439724800620E-01   0.000000000000E+00   0.000000000000E+00   8.250000000000E-01   5.176294120263E-01
  1.639933994793E-01   5.625000000000E-01   1.475940595314E-01   0.000000000000E+00   0.000000000000E+00   8.250000000000E-01   5.168117314923E-01
  1.679809925537E-01   5.625000000000E-01   1.511828932984E-01   0.000000000000E+00   0.000000000000E+00   8.250000000000E-01   5.160036323805E-01
  1.719683036461E-01   5.625000000000E-01   1.547714732815E-01   0.000000000000E+00   0.000000000000E+00   8.250000000000E-01   5.151949997258E-01
  1.759916336717E-01   5.625000000000E-01   1.583924703046E-01   0.000000000000E+00   0.000000000000E+00   8.250000000000E-01   5.143855187890E-01
  1.799796337922E-01   5.625000000000E-01   1.619816704130E-01   0.000000000000E+00   0.000000000000E+00   8.250000000000E-01   5.135721602384E-01
  1.839673501593E-01   5.625000000000E-01   1.655706151433E-01   0.000000000000E+00   0.000000000000E+00   8.250000000000E-01   5.127644800705E-01
  1.879914658360E-01   5.625000000000E-01   1.691923192524E-01   0.000000000000E+00   0.000000000000E+00   8.250000000000E-01   5.119470720134E-01
  1.919790729164E-01   5.625000000000E-01   1.727811656248E-01   0.000000000000E+00   0.000000000000E+00   8.250000000000E-01   5.111392054237E-01
  1.959666742626E-01   5.625000000000E-01   1.763700068363E-01   0.000000000000E+00   0.000000000000E+00   8.250000000000E-01   5.103298335864E-01
  1.999899961636E-01   5.625000000000E-01   1.799909965472E-01   0.000000000000E+00   0.000000000000E+00   8.250000000000E-01   5.095201823910E-01
  2.039778801828E-01   5.625000000000E-01   1.835800921645E-01   0.000000000000E+00   0.000000000000E+00   8.250000000000E-01   5.087082861048E-01
  2.079658262931E-01   5.625000000000E-01   1.871692436638E-01   0.000000000000E+00   0.000000000000E+00   8.250000000000E-01   5.078994397779E-01
  2.119900998612E-01   5.625000000000E-01   1.907910898751E-01   0.000000000000E+00   0.000000000000E+00   8.250000000000E-01   5.070823997005E-01
  2.159775264051E-01   5.625000000000E-01   1.943797737646E-01   0.000000000000E+00   0.000000000000E+00   8.250000000000E-01   5.062743950114E-01
  2.199653389985E-01   5.625000000000E-01   1.979688050987E-01   0.000000000000E+00   0.000000000000E+00   8.250000000000E-01   5.054649652919E-01
  2.239887765638E-01   5.625000000000E-01   2.015898989074E-01   0.000000000000E+00   0.000000000000E+00   8.250000000000E-01   5.046543113824E-01
  2.279764125838E-01   5.625000000000E-01   2.051787713254E-01   0.000000000000E+00   0.000000000000E+00   8.250000000000E-01   5.038447282609E-01
  2.319645051756E-01   5.625000000000E-01   2.087680546580E-01   0.000000000000E+00   0.000000000000E+00   8.250000000000E-01   5.030342238407E-01
  2.359888871573E-01   5.625000000000E-01   2.123899984416E-01   0.000000000000E+00   0.000000000000E+00   8.250000000000E-01   5.022174798890E-01
  2.399762240030E-01   5.625000000000E-01   2.159786016027E-01   0.000000000000E+00   0.000000000000E+00   8.250000000000E-01   5.014095754858E-01
  2.439641319912E-01   5.625000000000E-01   2.195677187921E-01   0.000000000000E+00   0.000000000000E+00   8.250000000000E-01   5.006003342021E-01
  2.479877801924E-01   5.625000000000E-01   2.231890021732E-01   0.000000000000E+00   0.000000000000E+00   8.250000000000E-01   4.997880115244E-01
  2.519750638640E-01   5.625000000000E-01   2.267775574776E-01   0.000000000000E+00   0.000000000000E+00   8.250000000000E-01   4.989812921026E-01
  2.559633346292E-01   5.625000000000E-01   2.303670011663E-01   0.000000000000E+00   0.000000000000E+00   8.250000000000E-01   4.981693091483E-01
  2.599877442259E-01   5.625000000000E-01   2.339889698033E-01   0.000000000000E+00   0.000000000000E+00   8.250000000000E-01   4.973539677100E-01
  2.639750339382E-01   5.625000000000E-01   2.375775305444E-01   0.000000000000E+00   0.000000000000E+00   8.250000000000E-01   4.965446225465E-01
  2.679998100943E-01   5.625000000000E-01   2.411998290848E-01   0.000000000000E+00   0.000000000000E+00   8.250000000000E-01   4.957285043986E-01
  2.719868725647E-01   5.625000000000E-01   2.447881853082E-01   0.000000000000E+00   0.000000000000E+00   8.250000000000E-01   4.949217125494E-01
  2.759738514257E-01   5.625000000000E-01   2.483764662831E-01   0.000000000000E+00   0.000000000000E+00   8.250000000000E-01   4.941176783828E-01
  2.799989474677E-01   5.625000000000E-01   2.519990527209E-01   0.000000000000E+00   0.000000000000E+00   8.250000000000E-01   4.932968088302E-01
  2.839866090057E-01   5.625000000000E-01   2.555879481051E-01   0.000000000000E+00   0.000000000000E+00   8.250000000000E-01   4.924900402248E-01
  2.879738433548E-01   5.625000000000E-01   2.591764590193E-01   0.000000000000E+00   0.000000000000E+00   8.250000000000E-01   4.916796954797E-01
  2.919985514060E-01   5.625000000000E-01   2.627986962654E-01   0.000000000000E+00   0.000000000000E+00   8.250000000000E-01   4.908639821577E-01
  2.959859392570E-01   5.625000000000E-01   2.663873453313E-01   0.000000000000E+00   0.000000000000E+00   8.250000000000E-01   4.900557020083E-01
  2.999725889299E-01   5.625000000000E-01   2.699753300369E-01   0.000000000000E+00   0.000000000000E+00   8.250000000000E-01   4.892533720534E-01
  3.039976229197E-01   5.625000000000E-01   2.735978606277E-01   0.000000000000E+00   0.000000000000E+00   8.250000000000E-01   4.884321756319E-01
  3.079854075222E-01   5.625000000000E-01   2.771868667700E-01   0.000000000000E+00   0.000000000000E+00   8.250000000000E-01   4.876249695586E-01
  3.119725893778E-01   5.625000000000E-01   2.807753304401E-01   0.000000000000E+00   0.000000000000E+00   8.250000000000E-01   4.868148557132E-01
  3.159972614189E-01   5.625000000000E-01   2.843975352770E-01   0.000000000000E+00   0.000000000000E+00   8.250000000000E-01   4.859994363039E-01
  3.199848166871E-01   5.625000000000E-01   2.879863350184E-01   0.000000000000E+00   0.000000000000E+00   8.250000000000E-01   4.851901055496E-01
  3.239713042454E-01   5.625000000000E-01   2.915741738209E-01   0.000000000000E+00   0.000000000000E+00   8.250000000000E-01   4.843883576257E-01
  3.279962386725E-01   5.625000000000E-01   2.951966148052E-01   0.000000000000E+00   0.000000000000E+00   8.250000000000E-01   4.835679893238E-01
  3.319840793690E-01   5.625000000000E-01   2.987856714321E-01   0.000000000000E+00   0.000000000000E+00   8.250000000000E-01   4.827597231287E-01
  3.359713956790E-01   5.625000000000E-01   3.023742561111E-01   0.000000000000E+00   0.000000000000E+00   8.250000000000E-01   4.819500281442E-01
  3.399957784804E-01   5.625000000000E-01   3.059962006323E-01   0.000000000000E+00   0.000000000000E+00   8.250000000000E-01   4.811345482599E-01
  3.439835416925E-01   5.625000000000E-01   3.095851875233E-01   0.000000000000E+00   0.000000000000E+00   8.250000000000E-01   4.803250713413E-01
  3.479699906590E-01   5.625000000000E-01   3.131729915931E-01   0.000000000000E+00   0.000000000000E+00   8.250000000000E-01   4.795227302801E-01
  3.519946102588E-01   5.625000000000E-01   3.167951492329E-01   0.000000000000E+00   0.000000000000E+00   8.250000000000E-01   4.787043533927E-01
  3.559826133801E-01   5.625000000000E-01   3.203843520421E-01   0.000000000000E+00   0.000000000000E+00   8.250000000000E-01   4.778945143883E-01
  3.599699946284E-01   5.625000000000E-01   3.239729951656E-01   0.000000000000E+00   0.000000000000E+00   8.250000000000E-01   4.770851981265E-01
  3.639942319602E-01   5.625000000000E-01   3.275948087642E-01   0.000000000000E+00   0.000000000000E+00   8.250000000000E-01   4.762697886522E-01
  3.679820915908E-01   5.625000000000E-01   3.311838824318E-01   0.000000000000E+00   0.000000000000E+00   8.250000000000E-01   4.754603905001E-01
  3.719686614357E-01   5.625000000000E-01   3.347717952921E-01   0.000000000000E+00   0.000000000000E+00   8.250000000000E-01   4.746566272943E-01
  3.759929376878E-01   5.625000000000E-01   3.383936439190E-01   0.000000000000E+00   0.000000000000E+00   8.250000000000E-01   4.738410920438E-01
  3.799811254890E-01   5.625000000000E-01   3.419830129401E-01   0.000000000000E+00   0.000000000000E+00   8.250000000000E-01   4.730294653150E-01
  3.839684746514E-01   5.625000000000E-01   3.455716271862E-01   0.000000000000E+00   0.000000000000E+00   8.250000000000E-01   4.722202671401E-01
  3.879926534357E-01   5.625000000000E-01   3.491933880922E-01   0.000000000000E+00   0.000000000000E+00   8.250000000000E-01   4.714048702703E-01
  3.919804323862E-01   5.625000000000E-01   3.527823891476E-01   0.000000000000E+00   0.000000000000E+00   8.250000000000E-01   4.705959639300E-01
  3.959672340359E-01   5.625000000000E-01   3.563705106323E-01   0.000000000000E+00   0.000000000000E+00   8.250000000000E-01   4.697903901467E-01
  3.999912695572E-01   5.625000000000E-01   3.599921426015E-01   0.000000000000E+00   0.000000000000E+00   8.250000000000E-01   4.689775771084E-01
  4.000000000000E-01   5.625000000000E-01   3.600000000000E-01   0.000000000000E+00   0.000000000000E+00   8.250000000000E-01   4.689758717668E-01
