                Time                    D                   S1                   S2                   S3                    E                  E_i                  E_k                  E_g
  0.000000000000E+00   1.220000000000E+01   1.220000000000E+00   0.000000000000E+00   0.000000000000E+00   2.506100000000E+01   2.500000000000E+01   6.100000000000E-02   0.000000000000E+00
  1.000000000000E-02   1.220040000000E+01   1.220040000000E+00   0.000000000000E+00   0.000000000000E+00   2.506100200000E+01   2.500000000000E+01   6.100200000000E-02   0.000000000000E+00
  2.000000000000E-02   1.220080000000E+01   1.220080000000E+00   0.000000000000E+00   0.000000000000E+00   2.506100400000E+01   2.500000000000E+01   6.100400000000E-02   0.000000000000E+00
  3.000000000000E-02   1.220120000000E+01   1.220120000000E+00   0.000000000000E+00   0.000000000000E+00   2.506100600000E+01   2.500000000000E+01   6.100600000000E-02   0.000000000000E+00
  4.000000000000E-02   1.220160000000E+01   1.220160000000E+00   0.000000000000E+00   0.000000000000E+00   2.506100800000E+01   2.500000000000E+01   6.100800000000E-02   0.000000000000E+00
  5.000000000000E-02   1.220200000000E+01   1.220200000000E+00   0.000000000000E+00   0.000000000000E+00   2.506101000000E+01   2.500000000000E+01   6.101000000000E-02   0.000000000000E+00
  6.000000000000E-02   1.220240000000E+01   1.220240000000E+00   0.000000000000E+00   0.000000000000E+00   2.506101200000E+01   2.500000000000E+01   6.101200000000E-02   0.000000000000E+00
  7.000000000000E-02   1.220280000000E+01   1.220280000000E+00   0.000000000000E+00   0.000000000000E+00   2.506101400000E+01   2.500000000000E+01   6.101400000000E-02   0.000000000000E+00
  8.000000000000E-02   1.220320000000E+01   1.220320000000E+00   0.000000000000E+00   0.000000000000E+00   2.506101600000E+01   2.500000000000E+01   6.101600000000E-02   0.000000000000E+00
  9.000000000000E-02   1.220360000000E+01   1.220360000000E+00   0.000000000000E+00   0.000000000000E+00   2.506101800000E+01   2.500000000000E+01   6.101800000000E-02   0.000000000000E+00
  1.000000000000E-01   1.220400000000E+01   1.220400000000E+00   0.000000000000E+00   0.000000000000E+00   2.506102000000E+01   2.500000000000E+01   6.102000000000E-02   0.000000000000E+00
  1.100000000000E-01   1.220440000000E+01   1.220440000000E+00   0.000000000000E+00   0.000000000000E+00   2.506102200000E+01   2.500000000000E+01   6.102200000000E-02   0.000000000000E+00
  1.200000000000E-01   1.220480000000E+01   1.220480000000E+00   0.000000000000E+00   0.000000000000E+00   2.506102400000E+01   2.500000000000E+01   6.102400000000E-02   0.000000000000E+00
  1.300000000000E-01   1.220520000000E+01   1.220520000000E+00   0.000000000000E+00   0.000000000000E+00   2.506102600000E+01   2.500000000000E+01   6.102600000000E-02   0.000000000000E+00
  1.400000000000E-01   1.220560000000E+01   1.220560000000E+00   0.000000000000E+00   0.000000000000E+00   2.506102800000E+01   2.500000000000E+01   6.102800000000E-02   0.000000000000E+00
  1.500000000000E-01   1.220600000000E+01   1.220600000000E+00   0.000000000000E+00   0.000000000000E+00   2.506103000000E+01   2.500000000000E+01   6.103000000000E-02   0.000000000000E+00
  1.600000000000E-01   1.220640000000E+01   1.220640000000E+00   0.000000000000E+00   0.000000000000E+00   2.506103200000E+01   2.500000000000E+01   6.103200000000E-02   0.000000000000E+00
  1.700000000000E-01   1.220680000000E+01   1.220680000000E+00   0.000000000000E+00   0.000000000000E+00   2.506103400000E+01   2.500000000000E+01   6.103400000000E-02   0.000000000000E+00
  1.800000000000E-01   1.220720000000E+01   1.220720000000E+00   0.000000000000E+00   0.000000000000E+00   2.506103600000E+01   2.500000000000E+01   6.103600000000E-02   0.000000000000E+00
  1.900000000000E-01   1.220760000000E+01   1.220760000000E+00   0.000000000000E+00   0.000000000000E+00   2.506103800000E+01   2.500000000000E+01   6.103800000000E-02   0.000000000000E+00
  2.000000000000E-01   1.220800000000E+01   1.220800000000E+00   0.000000000000E+00   0.000000000000E+00   2.506104000000E+01   2.500000000000E+01   6.104000000000E-02   0.000000000000E+00
  2.100000000000E-01   1.220840000000E+01   1.220840000000E+00   0.000000000000E+00   0.000000000000E+00   2.506104200000E+01   2.500000000000E+01   6.104200000000E-02   0.000000000000E+00
  2.200000000000E-01   1.220880000000E+01   1.220880000000E+00   0.000000000000E+00   0.000000000000E+00   2.506104400000E+01   2.500000000000E+01   6.104400000000E-02   0.000000000000E+00
  2.300000000000E-01   1.220920000000E+01   1.220920000000E+00   0.000000000000E+00   0.000000000000E+00   2.506104600000E+01   2.500000000000E+01   6.104600000000E-02   0.000000000000E+00
  2.400000000000E-01   1.220960000000E+01   1.220960000000E+00   0.000000000000E+00   0.000000000000E+00   2.506104800000E+01   2.500000000000E+01   6.104800000000E-02   0.000000000000E+00
  2.500000000000E-01   1.221000000000E+01   1.221000000000E+00   0.000000000000E+00   0.000000000000E+00   2.506105000000E+01   2.500000000000E+01   6.105000000000E-02   0.000000000000E+00
  2.600000000000E-01   1.221040000000E+01   1.221040000000E+00   0.000000000000E+00   0.000000000000E+00   2.506105200000E+01   2.500000000000E+01   6.105200000000E-02   0.000000000000E+00
  2.700000000000E-01   1.221080000000E+01   1.221080000000E+00   0.000000000000E+00   0.000000000000E+00   2.506105400000E+01   2.500000000000E+01   6.105400000000E-02   0.000000000000E+00
  2.800000000000E-01   1.221120000000E+01   1.221120000000E+00   0.000000000000E+00   0.000000000000E+00   2.506105600000E+01   2.500000000000E+01   6.105600000000E-02   0.000000000000E+00
  2.900000000000E-01   1.221160000000E+01   1.221160000000E+00   0.000000000000E+00   0.000000000000E+00   2.506105800000E+01   2.500000000000E+01   6.105800000000E-02   0.000000000000E+00
  3.000000000000E-01   1.221200000000E+01   1.221200000000E+00   0.000000000000E+00   0.000000000000E+00   2.506106000000E+01   2.500000000000E+01   6.106000000000E-02   0.000000000000E+00
  3.100000000000E-01   1.221240000000E+01   1.221240000000E+00   0.000000000000E+00   0.000000000000E+00   2.506106200000E+01   2.500000000000E+01   6.106200000000E-02   0.000000000000E+00
  3.200000000000E-01   1.221280000000E+01   1.221280000000E+00   0.000000000000E+00   0.000000000000E+00   2.506106400000E+01   2.500000000000E+01   6.106400000000E-02   0.000000000000E+00
  3.300000000000E-01   1.221320000000E+01   1.221320000000E+00   0.000000000000E+00   0.000000000000E+00   2.506106600000E+01   2.500000000000E+01   6.106600000000E-02   0.000000000000E+00
  3.400000000000E-01   1.221360000000E+01   1.221360000000E+00   0.000000000000E+00   0.000000000000E+00   2.506106800000E+01   2.500000000000E+01   6.106800000000E-02   0.000000000000E+00
  3.500000000000E-01   1.221400000000E+01   1.221400000000E+00   0.000000000000E+00   0.000000000000E+00   2.506107000000E+01   2.500000000000E+01   6.107000000000E-02   0.000000000000E+00
  3.600000000000E-01   1.221440000000E+01   1.221440000000E+00   0.000000000000E+00   0.000000000000E+00   2.506107200000E+01   2.500000000000E+01   6.107200000000E-02   0.000000000000E+00
  3.700000000000E-01   1.221480000000E+01   1.221480000000E+00   0.000000000000E+00   0.000000000000E+00   2.506107400000E+01   2.500000000000E+01   6.107400000000E-02   0.000000000000E+00
  3.800000000000E-01   1.221520000000E+01   1.221520000000E+00   0.000000000000E+00   0.000000000000E+00   2.506107600000E+01   2.500000000000E+01   6.107600000000E-02   0.000000000000E+00
  3.900000000000E-01   1.221560000000E+01   1.221560000000E+00   0.000000000000E+00   0.000000000000E+00   2.506107800000E+01   2.500000000000E+01   6.107800000000E-02   0.000000000000E+00
  4.000000000000E-01   1.221600000000E+01   1.221600000000E+00   0.000000000000E+00   0.000000000000E+00   2.506108000000E+01   2.500000000000E+01   6.108000000000E-02   0.000000000000E+00
  4.100000000000E-01   1.221640000000E+01   1.221640000000E+00   0.000000000000E+00   0.000000000000E+00   2.506108200000E+01   2.500000000000E+01   6.108200000000E-02   0.000000000000E+00
  4.200000000000E-01   1.221680000000E+01   1.221680000000E+00   0.000000000000E+00   0.000000000000E+00   2.506108400000E+01   2.500000000000E+01   6.108400000000E-02   0.000000000000E+00
  4.300000000000E-01   1.221720000000E+01   1.221720000000E+00   0.000000000000E+00   0.000000000000E+00   2.506108600000E+01   2.500000000000E+01   6.108600000000E-02   0.000000000000E+00
  4.400000000000E-01   1.221760000000E+01   1.221760000000E+00   0.000000000000E+00   0.000000000000E+00   2.506108800000E+01   2.500000000000E+01   6.108800000000E-02   0.000000000000E+00
  4.500000000000E-01   1.221800000000E+01   1.221800000000E+00   0.000000000000E+00   0.000000000000E+00   2.506109000000E+01   2.500000000000E+01   6.109000000000E-02   0.000000000000E+00
  4.600000000000E-01   1.221840000000E+01   1.221840000000E+00   0.000000000000E+00   0.000000000000E+00   2.506109200000E+01   2.500000000000E+01   6.109200000000E-02   0.000000000000E+00
  4.700000000000E-01   1.221880000000E+01   1.221880000000E+00   0.000000000000E+00   0.000000000000E+00   2.506109400000E+01   2.500000000000E+01   6.109400000000E-02   0.000000000000E+00
  4.800000000000E-01   1.221920000000E+01   1.221920000000E+00   0.000000000000E+00   0.000000000000E+00   2.506109600000E+01   2.500000000000E+01   6.109600000000E-02   0.000000000000E+00
  4.900000000000E-01   1.221960000000E+01   1.221960000000E+00   0.000000000000E+00   0.000000000000E+00   2.506109800000E+01   2.500000000000E+01   6.109800000000E-02   0.000000000000E+00
  5.000000000000E-01   1.222000000000E+01   1.222000000000E+00   0.000000000000E+00   0.000000000000E+00   2.506110000000E+01   2.500000000000E+01   6.110000000000E-02   0.000000000000E+00
  5.100000000000E-01   1.222040000000E+01   1.222040000000E+00   0.000000000000E+00   0.000000000000E+00   2.506110200000E+01   2.500000000000E+01   6.110200000000E-02   0.000000000000E+00
  5.200000000000E-01   1.222080000000E+01   1.222080000000E+00   0.000000000000E+00   0.000000000000E+00   2.506110400000E+01   2.500000000000E+01   6.110400000000E-02   0.000000000000E+00
  5.300000000000E-01   1.222120000000E+01   1.222120000000E+00   0.000000000000E+00   0.000000000000E+00   2.506110600000E+01   2.500000000000E+01   6.110600000000E-02   0.000000000000E+00
  5.400000000000E-01   1.222160000000E+01   1.222160000000E+00   0.000000000000E+00   0.000000000000E+00   2.506110800000E+01   2.500000000000E+01   6.110800000000E-02   0.000000000000E+00
  5.500000000000E-01   1.222200000000E+01   1.222200000000E+00   0.000000000000E+00   0.000000000000E+00   2.506111000000E+01   2.500000000000E+01   6.111000000000E-02   0.000000000000E+00
  5.600000000000E-01   1.222240000000E+01   1.222240000000E+00   0.000000000000E+00   0.000000000000E+00   2.506111200000E+01   2.500000000000E+01   6.111200000000E-02   0.000000000000E+00
  5.700000000000E-01   1.222280000000E+01   1.222280000000E+00   0.000000000000E+00   0.000000000000E+00   2.506111400000E+01   2.500000000000E+01   6.111400000000E-02   0.000000000000E+00
  5.800000000000E-01   1.222320000000E+01   1.222320000000E+00   0.000000000000E+00   0.000000000000E+00   2.506111600000E+01   2.500000000000E+01   6.111600000000E-02   0.000000000000E+00
  5.900000000000E-01   1.222360000000E+01   1.222360000000E+00   0.000000000000E+00   0.000000000000E+00   2.506111800000E+01   2.500000000000E+01   6.111800000000E-02   0.000000000000E+00
  6.000000000000E-01   1.222400000000E+01   1.222400000000E+00   0.000000000000E+00   0.000000000000E+00   2.506112000000E+01   2.500000000000E+01   6.112000000000E-02   0.000000000000E+00
  6.100000000000E-01   1.222440000000E+01   1.222440000000E+00   0.000000000000E+00   0.000000000000E+00   2.506112200000E+01   2.500000000000E+01   6.112200000000E-02   0.000000000000E+00
  6.200000000000E-01   1.222480000000E+01   1.222480000000E+00   0.000000000000E+00   0.000000000000E+00   2.506112400000E+01   2.500000000000E+01   6.112400000000E-02   0.000000000000E+00
  6.300000000000E-01   1.222520000000E+01   1.222520000000E+00   0.000000000000E+00   0.000000000000E+00   2.506112600000E+01   2.500000000000E+01   6.112600000000E-02   0.000000000000E+00
  6.400000000000E-01   1.222560000000E+01   1.222560000000E+00   0.000000000000E+00   0.000000000000E+00   2.506112800000E+01   2.500000000000E+01   6.112800000000E-02   0.000000000000E+00
  6.500000000000E-01   1.222600000000E+01   1.222600000000E+00   0.000000000000E+00   0.000000000000E+00   2.506113000000E+01   2.500000000000E+01   6.113000000000E-02   0.000000000000E+00
  6.600000000000E-01   1.222640000000E+01   1.222640000000E+00   0.000000000000E+00   0.000000000000E+00   2.506113200000E+01   2.500000000000E+01   6.113200000000E-02   0.000000000000E+00
  6.700000000000E-01   1.222680000000E+01   1.222680000000E+00   0.000000000000E+00   0.000000000000E+00   2.506113400000E+01   2.500000000000E+01   6.113400000000E-02   0.000000000000E+00
  6.800000000000E-01   1.222720000000E+01   1.222720000000E+00   0.000000000000E+00   0.000000000000E+00   2.506113600000E+01   2.500000000000E+01   6.113600000000E-02   0.000000000000E+00
  6.900000000000E-01   1.222760000000E+01   1.222760000000E+00   0.000000000000E+00   0.000000000000E+00   2.506113800000E+01   2.500000000000E+01   6.113800000000E-02   0.000000000000E+00
  7.000000000000E-01   1.222800000000E+01   1.222800000000E+00   0.000000000000E+00   0.000000000000E+00   2.506114000000E+01   2.500000000000E+01   6.114000000000E-02   0.000000000000E+00
  7.100000000000E-01   1.222840000000E+01   1.222840000000E+00   0.000000000000E+00   0.000000000000E+00   2.506114200000E+01   2.500000000000E+01   6.114200000000E-02   0.000000000000E+00
  7.200000000000E-01   1.222880000000E+01   1.222880000000E+00   0.000000000000E+00   0.000000000000E+00   2.506114400000E+01   2.500000000000E+01   6.114400000000E-02   0.000000000000E+00
  7.300000000000E-01   1.222920000000E+01   1.222920000000E+00   0.000000000000E+00   0.000000000000E+00   2.506114600000E+01   2.500000000000E+01   6.114600000000E-02   0.000000000000E+00
  7.400000000000E-01   1.222960000000E+01   1.222960000000E+00   0.000000000000E+00   0.000000000000E+00   2.506114800000E+01   2.500000000000E+01   6.114800000000E-02   0.000000000000E+00
  7.500000000000E-01   1.223000000000E+01   1.223000000000E+00   0.000000000000E+00   0.000000000000E+00   2.506115000000E+01   2.500000000000E+01   6.115000000000E-02   0.000000000000E+00
  7.600000000000E-01   1.223040000000E+01   1.223040000000E+00   0.000000000000E+00   0.000000000000E+00   2.506115200000E+01   2.500000000000E+01   6.115200000000E-02   0.000000000000E+00
  7.700000000000E-01   1.223080000000E+01   1.223080000000E+00   0.000000000000E+00   0.000000000000E+00   2.506115400000E+01   2.500000000000E+01   6.115400000000E-02   0.000000000000E+00
  7.800000000000E-01   1.223120000000E+01   1.223120000000E+00   0.000000000000E+00   0.000000000000E+00   2.506115600000E+01   2.500000000000E+01   6.115600000000E-02   0.000000000000E+00
  7.900000000000E-01   1.223160000000E+01   1.223160000000E+00   0.000000000000E+00   0.000000000000E+00   2.506115800000E+01   2.500000000000E+01   6.115800000000E-02   0.000000000000E+00
  8.000000000000E-01   1.223200000000E+01   1.223200000000E+00   0.000000000000E+00   0.000000000000E+00   2.506116000000E+01   2.500000000000E+01   6.116000000000E-02   0.000000000000E+00
  8.100000000000E-01   1.223240000000E+01   1.223240000000E+00   0.000000000000E+00   0.000000000000E+00   2.506116200000E+01   2.500000000000E+01   6.116200000000E-02   0.000000000000E+00
  8.200000000000E-01   1.223280000000E+01   1.223280000000E+00   0.000000000000E+00   0.000000000000E+00   2.506116400000E+01   2.500000000000E+01   6.116400000000E-02   0.000000000000E+00
  8.300000000000E-01   1.223320000000E+01   1.223320000000E+00   0.000000000000E+00   0.000000000000E+00   2.506116600000E+01   2.500000000000E+01   6.116600000000E-02   0.000000000000E+00
  8.400000000000E-01   1.223360000000E+01   1.223360000000E+00   0.000000000000E+00   0.000000000000E+00   2.506116800000E+01   2.500000000000E+01   6.116800000000E-02   0.000000000000E+00
  8.500000000000E-01   1.223400000000E+01   1.223400000000E+00   0.000000000000E+00   0.000000000000E+00   2.506117000000E+01   2.500000000000E+01   6.117000000000E-02   0.000000000000E+00
  8.600000000000E-01   1.223440000000E+01   1.223440000000E+00   0.000000000000E+00   0.000000000000E+00   2.506117200000E+01   2.500000000000E+01   6.117200000000E-02   0.000000000000E+00
  8.700000000000E-01   1.223480000000E+01   1.223480000000E+00   0.000000000000E+00   0.000000000000E+00   2.506117400000E+01   2.500000000000E+01   6.117400000000E-02   0.000000000000E+00
  8.800000000000E-01   1.223520000000E+01   1.223520000000E+00   0.000000000000E+00   0.000000000000E+00   2.506117600000E+01   2.500000000000E+01   6.117600000000E-02   0.000000000000E+00
  8.900000000000E-01   1.223560000000E+01   1.223560000000E+00   0.000000000000E+00   0.000000000000E+00   2.506117800000E+01   2.500000000000E+01   6.117800000000E-02   0.000000000000E+00
  9.000000000000E-01   1.223600000000E+01   1.223600000000E+00   0.000000000000E+00   0.000000000000E+00   2.506118000000E+01   2.500000000000E+01   6.118000000000E-02   0.000000000000E+00
  9.100000000000E-01   1.223640000000E+01   1.223640000000E+00   0.000000000000E+00   0.000000000000E+00   2.506118200000E+01   2.500000000000E+01   6.118200000000E-02   0.000000000000E+00
  9.200000000000E-01   1.223680000000E+01   1.223680000000E+00   0.000000000000E+00   0.000000000000E+00   2.506118400000E+01   2.500000000000E+01   6.118400000000E-02   0.000000000000E+00
  9.300000000000E-01   1.223720000000E+01   1.223720000000E+00   0.000000000000E+00   0.000000000000E+00   2.506118600000E+01   2.500000000000E+01   6.118600000000E-02   0.000000000000E+00
  9.400000000000E-01   1.223760000000E+01   1.223760000000E+00   0.000000000000E+00   0.000000000000E+00   2.506118800000E+01   2.500000000000E+01   6.118800000000E-02   0.000000000000E+00
  9.500000000000E-01   1.223800000000E+01   1.223800000000E+00   0.000000000000E+00   0.000000000000E+00   2.506119000000E+01   2.500000000000E+01   6.119000000000E-02   0.000000000000E+00
  9.600000000000E-01   1.223840000000E+01   1.223840000000E+00   0.000000000000E+00   0.000000000000E+00   2.506119200000E+01   2.500000000000E+01   6.119200000000E-02   0.000000000000E+00
  9.700000000000E-01   1.223880000000E+01   1.223880000000E+00   0.000000000000E+00   0.000000000000E+00   2.506119400000E+01   2.500000000000E+01   6.119400000000E-02   0.000000000000E+00
  9.800000000000E-01   1.223920000000E+01   1.223920000000E+00   0.000000000000E+00   0.000000000000E+00   2.506119600000E+01   2.500000000000E+01   6.119600000000E-02   0.000000000000E+00
  9.900000000000E-01   1.223960000000E+01   1.223960000000E+00   0.000000000000E+00   0.000000000000E+00   2.506119800000E+01   2.500000000000E+01   6.119800000000E-02   0.000000000000E+00
  1.000000000000E+00   1.224000000000E+01   1.224000000000E+00   0.000000000000E+00   0.000000000000E+00   2.506120000000E+01   2.500000000000E+01   6.120000000000E-02   0.000000000000E+00
  1.010000000000E+00   1.224040000000E+01   1.224040000000E+00   0.000000000000E+00   0.000000000000E+00   2.506120200000E+01   2.500000000000E+01   6.120200000000E-02   0.000000000000E+00
  1.020000000000E+00   1.224080000000E+01   1.224080000000E+00   0.000000000000E+00   0.000000000000E+00   2.506120400000E+01   2.500000000000E+01   6.120400000000E-02   0.000000000000E+00
  1.030000000000E+00   1.224120000000E+01   1.224120000000E+00   0.000000000000E+00   0.000000000000E+00   2.506120600000E+01   2.500000000000E+01   6.120600000000E-02   0.000000000000E+00
  1.040000000000E+00   1.224160000000E+01   1.224160000000E+00   0.000000000000E+00   0.000000000000E+00   2.506120800000E+01   2.500000000000E+01   6.120800000000E-02   0.000000000000E+00
  1.050000000000E+00   1.224200000000E+01   1.224200000000E+00   0.000000000000E+00   0.000000000000E+00   2.506121000000E+01   2.500000000000E+01   6.121000000000E-02   0.000000000000E+00
  1.060000000000E+00   1.224240000000E+01   1.224240000000E+00   0.000000000000E+00   0.000000000000E+00   2.506121200000E+01   2.500000000000E+01   6.121200000000E-02   0.000000000000E+00
  1.070000000000E+00   1.224280000000E+01   1.224280000000E+00   0.000000000000E+00   0.000000000000E+00   2.506121400000E+01   2.500000000000E+01   6.121400000000E-02   0.000000000000E+00
  1.080000000000E+00   1.224320000000E+01   1.224320000000E+00   0.000000000000E+00   0.000000000000E+00   2.506121600000E+01   2.500000000000E+01   6.121600000000E-02   0.000000000000E+00
  1.090000000000E+00   1.224360000000E+01   1.224360000000E+00   0.000000000000E+00   0.000000000000E+00   2.506121800000E+01   2.500000000000E+01   6.121800000000E-02   0.000000000000E+00
  1.100000000000E+00   1.224400000000E+01   1.224400000000E+00   0.000000000000E+00   0.000000000000E+00   2.506122000000E+01   2.500000000000E+01   6.122000000000E-02   0.000000000000E+00
  1.110000000000E+00   1.224440000000E+01   1.224440000000E+00   0.000000000000E+00   0.000000000000E+00   2.506122200000E+01   2.500000000000E+01   6.122200000000E-02   0.000000000000E+00
  1.120000000000E+00   1.224480000000E+01   1.224480000000E+00   0.000000000000E+00   0.000000000000E+00   2.506122400000E+01   2.500000000000E+01   6.122400000000E-02   0.000000000000E+00
  1.130000000000E+00   1.224520000000E+01   1.224520000000E+00   0.000000000000E+00   0.000000000000E+00   2.506122600000E+01   2.500000000000E+01   6.122600000000E-02   0.000000000000E+00
  1.140000000000E+00   1.224560000000E+01   1.224560000000E+00   0.000000000000E+00   0.000000000000E+00   2.506122800000E+01   2.500000000000E+01   6.122800000000E-02   0.000000000000E+00
  1.150000000000E+00   1.224600000000E+01   1.224600000000E+00   0.000000000000E+00   0.000000000000E+00   2.506123000000E+01   2.500000000000E+01   6.123000000000E-02   0.000000000000E+00
  1.160000000000E+00   1.224640000000E+01   1.224640000000E+00   0.000000000000E+00   0.000000000000E+00   2.506123200000E+01   2.500000000000E+01   6.123200000000E-02   0.000000000000E+00
  1.170000000000E+00   1.224680000000E+01   1.224680000000E+00   0.000000000000E+00   0.000000000000E+00   2.506123400000E+01   2.500000000000E+01   6.123400000000E-02   0.000000000000E+00
  1.180000000000E+00   1.224720000000E+01   1.224720000000E+00   0.000000000000E+00   0.000000000000E+00   2.506123600000E+01   2.500000000000E+01   6.123600000000E-02   0.000000000000E+00
  1.190000000000E+00   1.224760000000E+01   1.224760000000E+00   0.000000000000E+00   0.000000000000E+00   2.506123800000E+01   2.500000000000E+01   6.123800000000E-02   0.000000000000E+00
  1.200000000000E+00   1.224800000000E+01   1.224800000000E+00   0.000000000000E+00   0.000000000000E+00   2.506124000000E+01   2.500000000000E+01   6.124000000000E-02   0.000000000000E+00
  1.210000000000E+00   1.224840000000E+01   1.224840000000E+00   0.000000000000E+00   0.000000000000E+00   2.506124200000E+01   2.500000000000E+01   6.124200000000E-02   0.000000000000E+00
  1.220000000000E+00   1.224880000000E+01   1.224880000000E+00   0.000000000000E+00   0.000000000000E+00   2.506124400000E+01   2.500000000000E+01   6.124400000000E-02   0.000000000000E+00
  1.230000000000E+00   1.224920000000E+01   1.224920000000E+00   0.000000000000E+00   0.000000000000E+00   2.506124600000E+01   2.500000000000E+01   6.124600000000E-02   0.000000000000E+00
  1.240000000000E+00   1.224960000000E+01   1.224960000000E+00   0.000000000000E+00   0.000000000000E+00   2.506124800000E+01   2.500000000000E+01   6.124800000000E-02   0.000000000000E+00
  1.250000000000E+00   1.225000000000E+01   1.225000000000E+00   0.000000000000E+00   0.000000000000E+00   2.506125000000E+01   2.500000000000E+01   6.125000000000E-02   0.000000000000E+00
  1.260000000000E+00   1.225040000000E+01   1.225040000000E+00   0.000000000000E+00   0.000000000000E+00   2.506125200000E+01   2.500000000000E+01   6.125200000000E-02   0.000000000000E+00
  1.270000000000E+00   1.225080000000E+01   1.225080000000E+00   0.000000000000E+00   0.000000000000E+00   2.506125400000E+01   2.500000000000E+01   6.125400000000E-02   0.000000000000E+00
  1.280000000000E+00   1.225120000000E+01   1.225120000000E+00   0.000000000000E+00   0.000000000000E+00   2.506125600000E+01   2.500000000000E+01   6.125600000000E-02   0.000000000000E+00
  1.290000000000E+00   1.225160000000E+01   1.225160000000E+00   0.000000000000E+00   0.000000000000E+00   2.506125800000E+01   2.500000000000E+01   6.125800000000E-02   0.000000000000E+00
  1.300000000000E+00   1.225200000000E+01   1.225200000000E+00   0.000000000000E+00   0.000000000000E+00   2.506126000000E+01   2.500000000000E+01   6.126000000000E-02   0.000000000000E+00
  1.310000000000E+00   1.225240000000E+01   1.225240000000E+00   0.000000000000E+00   0.000000000000E+00   2.506126200000E+01   2.500000000000E+01   6.126200000000E-02   0.000000000000E+00
  1.320000000000E+00   1.225280000000E+01   1.225280000000E+00   0.000000000000E+00   0.000000000000E+00   2.506126400000E+01   2.500000000000E+01   6.126400000000E-02   0.000000000000E+00
  1.330000000000E+00   1.225320000000E+01   1.225320000000E+00   0.000000000000E+00   0.000000000000E+00   2.506126600000E+01   2.500000000000E+01   6.126600000000E-02   0.000000000000E+00
  1.340000000000E+00   1.225360000000E+01   1.225360000000E+00   0.000000000000E+00   0.000000000000E+00   2.506126800000E+01   2.500000000000E+01   6.126800000000E-02   0.000000000000E+00
  1.350000000000E+00   1.225400000000E+01   1.225400000000E+00   0.000000000000E+00   0.000000000000E+00   2.506127000000E+01   2.500000000000E+01   6.127000000000E-02   0.000000000000E+00
  1.360000000000E+00   1.225440000000E+01   1.225440000000E+00   0.000000000000E+00   0.000000000000E+00   2.506127200000E+01   2.500000000000E+01   6.127200000000E-02   0.000000000000E+00
  1.370000000000E+00   1.225480000000E+01   1.225480000000E+00   0.000000000000E+00   0.000000000000E+00   2.506127400000E+01   2.500000000000E+01   6.127400000000E-02   0.000000000000E+00
  1.380000000000E+00   1.225520000000E+01   1.225520000000E+00   0.000000000000E+00   0.000000000000E+00   2.506127600000E+01   2.500000000000E+01   6.127600000000E-02   0.000000000000E+00
  1.390000000000E+00   1.225560000000E+01   1.225560000000E+00   0.000000000000E+00   0.000000000000E+00   2.506127800000E+01   2.500000000000E+01   6.127800000000E-02   0.000000000000E+00
  1.400000000000E+00   1.225600000000E+01   1.225600000000E+00   0.000000000000E+00   0.000000000000E+00   2.506128000000E+01   2.500000000000E+01   6.128000000000E-02   0.000000000000E+00
  1.410000000000E+00   1.225640000000E+01   1.225640000000E+00   0.000000000000E+00   0.000000000000E+00   2.506128200000E+01   2.500000000000E+01   6.128200000000E-02   0.000000000000E+00
  1.420000000000E+00   1.225680000000E+01   1.225680000000E+00   0.000000000000E+00   0.000000000000E+00   2.506128400000E+01   2.500000000000E+01   6.128400000000E-02   0.000000000000E+00
  1.430000000000E+00   1.225720000000E+01   1.225720000000E+00   0.000000000000E+00   0.000000000000E+00   2.506128600000E+01   2.500000000000E+01   6.128600000000E-02   0.000000000000E+00
  1.440000000000E+00   1.225760000000E+01   1.225760000000E+00   0.000000000000E+00   0.000000000000E+00   2.506128800000E+01   2.500000000000E+01   6.128800000000E-02   0.000000000000E+00
  1.450000000000E+00   1.225800000000E+01   1.225800000000E+00   0.000000000000E+00   0.000000000000E+00   2.506129000000E+01   2.500000000000E+01   6.129000000000E-02   0.000000000000E+00
  1.460000000000E+00   1.225840000000E+01   1.225840000000E+00   0.000000000000E+00   0.000000000000E+00   2.506129200000E+01   2.500000000000E+01   6.129200000000E-02   0.000000000000E+00
  1.470000000000E+00   1.225880000000E+01   1.225880000000E+00   0.000000000000E+00   0.000000000000E+00   2.506129400000E+01   2.500000000000E+01   6.129400000000E-02   0.000000000000E+00
  1.480000000000E+00   1.225920000000E+01   1.225920000000E+00   0.000000000000E+00   0.000000000000E+00   2.506129600000E+01   2.500000000000E+01   6.129600000000E-02   0.000000000000E+00
  1.490000000000E+00   1.225960000000E+01   1.225960000000E+00   0.000000000000E+00   0.000000000000E+00   2.506129800000E+01   2.500000000000E+01   6.129800000000E-02   0.000000000000E+00
  1.500000000000E+00   1.226000000000E+01   1.226000000000E+00   0.000000000000E+00   0.000000000000E+00   2.506130000000E+01   2.500000000000E+01   6.130000000000E-02   0.000000000000E+00
  1.510000000000E+00   1.226040000000E+01   1.226040000000E+00   0.000000000000E+00   0.000000000000E+00   2.506130200000E+01   2.500000000000E+01   6.130200000000E-02   0.000000000000E+00
  1.520000000000E+00   1.226080000000E+01   1.226080000000E+00   0.000000000000E+00   0.000000000000E+00   2.506130400000E+01   2.500000000000E+01   6.130400000000E-02   0.000000000000E+00
  1.530000000000E+00   1.226120000000E+01   1.226120000000E+00   0.000000000000E+00   0.000000000000E+00   2.506130600000E+01   2.500000000000E+01   6.130600000000E-02   0.000000000000E+00
  1.540000000000E+00   1.226160000000E+01   1.226160000000E+00   0.000000000000E+00   0.000000000000E+00   2.506130800000E+01   2.500000000000E+01   6.130800000000E-02   0.000000000000E+00
  1.550000000000E+00   1.226200000000E+01   1.226200000000E+00   0.000000000000E+00   0.000000000000E+00   2.506131000000E+01   2.500000000000E+01   6.131000000000E-02   0.000000000000E+00
  1.560000000000E+00   1.226240000000E+01   1.226240000000E+00   0.000000000000E+00   0.000000000000E+00   2.506131200000E+01   2.500000000000E+01   6.131200000000E-02   0.000000000000E+00
  1.570000000000E+00   1.226280000000E+01   1.226280000000E+00   0.000000000000E+00   0.000000000000E+00   2.506131400000E+01   2.500000000000E+01   6.131400000000E-02   0.000000000000E+00
  1.580000000000E+00   1.226320000000E+01   1.226320000000E+00   0.000000000000E+00   0.000000000000E+00   2.506131600000E+01   2.500000000000E+01   6.131600000000E-02   0.000000000000E+00
  1.590000000000E+00   1.226360000000E+01   1.226360000000E+00   0.000000000000E+00   0.000000000000E+00   2.506131800000E+01   2.500000000000E+01   6.131800000000E-02   0.000000000000E+00
  1.600000000000E+00   1.226400000000E+01   1.226400000000E+00   0.000000000000E+00   0.000000000000E+00   2.506132000000E+01   2.500000000000E+01   6.132000000000E-02   0.000000000000E+00
  1.610000000000E+00   1.226440000000E+01   1.226440000000E+00   0.000000000000E+00   0.000000000000E+00   2.506132200000E+01   2.500000000000E+01   6.132200000000E-02   0.000000000000E+00
  1.620000000000E+00   1.226480000000E+01   1.226480000000E+00   0.000000000000E+00   0.000000000000E+00   2.506132400000E+01   2.500000000000E+01   6.132400000000E-02   0.000000000000E+00
  1.630000000000E+00   1.226520000000E+01   1.226520000000E+00   0.000000000000E+00   0.000000000000E+00   2.506132600000E+01   2.500000000000E+01   6.132600000000E-02   0.000000000000E+00
  1.640000000000E+00   1.226560000000E+01   1.226560000000E+00   0.000000000000E+00   0.000000000000E+00   2.506132800000E+01   2.500000000000E+01   6.132800000000E-02   0.000000000000E+00
  1.650000000000E+00   1.226600000000E+01   1.226600000000E+00   0.000000000000E+00   0.000000000000E+00   2.506133000000E+01   2.500000000000E+01   6.133000000000E-02   0.000000000000E+00
  1.660000000000E+00   1.226640000000E+01   1.226640000000E+00   0.000000000000E+00   0.000000000000E+00   2.506133200000E+01   2.500000000000E+01   6.133200000000E-02   0.000000000000E+00
  1.670000000000E+00   1.226680000000E+01   1.226680000000E+00   0.000000000000E+00   0.000000000000E+00   2.506133400000E+01   2.500000000000E+01   6.133400000000E-02   0.000000000000E+00
  1.680000000000E+00   1.226720000000E+01   1.226720000000E+00   0.000000000000E+00   0.000000000000E+00   2.506133600000E+01   2.500000000000E+01   6.133600000000E-02   0.000000000000E+00
  1.690000000000E+00   1.226760000000E+01   1.226760000000E+00   0.000000000000E+00   0.000000000000E+00   2.506133800000E+01   2.500000000000E+01   6.133800000000E-02   0.000000000000E+00
  1.700000000000E+00   1.226800000000E+01   1.226800000000E+00   0.000000000000E+00   0.000000000000E+00   2.506134000000E+01   2.500000000000E+01   6.134000000000E-02   0.000000000000E+00
  1.710000000000E+00   1.226840000000E+01   1.226840000000E+00   0.000000000000E+00   0.000000000000E+00   2.506134200000E+01   2.500000000000E+01   6.134200000000E-02   0.000000000000E+00
  1.720000000000E+00   1.226880000000E+01   1.226880000000E+00   0.000000000000E+00   0.000000000000E+00   2.506134400000E+01   2.500000000000E+01   6.134400000000E-02   0.000000000000E+00
  1.730000000000E+00   1.226920000000E+01   1.226920000000E+00   0.000000000000E+00   0.000000000000E+00   2.506134600000E+01   2.500000000000E+01   6.134600000000E-02   0.000000000000E+00
  1.740000000000E+00   1.226960000000E+01   1.226960000000E+00   0.000000000000E+00   0.000000000000E+00   2.506134800000E+01   2.500000000000E+01   6.134800000000E-02   0.000000000000E+00
  1.750000000000E+00   1.227000000000E+01   1.227000000000E+00   0.000000000000E+00   0.000000000000E+00   2.506135000000E+01   2.500000000000E+01   6.135000000000E-02   0.000000000000E+00
  1.760000000000E+00   1.227040000000E+01   1.227040000000E+00   0.000000000000E+00   0.000000000000E+00   2.506135200000E+01   2.500000000000E+01   6.135200000000E-02   0.000000000000E+00
  1.770000000000E+00   1.227080000000E+01   1.227080000000E+00   0.000000000000E+00   0.000000000000E+00   2.506135400000E+01   2.500000000000E+01   6.135400000000E-02   0.000000000000E+00
  1.780000000000E+00   1.227120000000E+01   1.227120000000E+00   0.000000000000E+00   0.000000000000E+00   2.506135600000E+01   2.500000000000E+01   6.135600000000E-02   0.000000000000E+00
  1.790000000000E+00   1.227160000000E+01   1.227160000000E+00   0.000000000000E+00   0.000000000000E+00   2.506135800000E+01   2.500000000000E+01   6.135800000000E-02   0.000000000000E+00
  1.800000000000E+00   1.227200000000E+01   1.227200000000E+00   0.000000000000E+00   0.000000000000E+00   2.506136000000E+01   2.500000000000E+01   6.136000000000E-02   0.000000000000E+00
